"","ts","pr","rt"
"1","15.07.2021",16499.1,0
"2","14.07.2021",16543.8,0.00270557531375946
"3","13.07.2021",16575.8,0.00193239108912517
"4","12.07.2021",16673.1,0.005852841913985
"5","09.07.2021",16633.3,-0.00238993220186232
"6","08.07.2021",16359.7,-0.0165857164811834
"7","07.07.2021",16559.3,0.0121268839341327
"8","06.07.2021",16542.8,-0.000996915686106351
"9","02.07.2021",16674.8,0.00794763588057806
"10","01.07.2021",16641,-0.00202906798555312
"11","30.06.2021",16555.3,-0.00516323749271824
"12","29.06.2021",16547.6,-0.000465216046864396
"13","28.06.2021",16573.7,0.00157602542185167
"14","25.06.2021",16658.8,0.00512150370949637
"15","24.06.2021",16558.6,-0.00603300101245798
"16","23.06.2021",16437.6,-0.00733421075084651
"17","22.06.2021",16449,0.000693291520353167
"18","21.06.2021",16412,-0.0022519105100814
"19","18.06.2021",16144,-0.0164643109686866
"20","17.06.2021",16411.7,0.0164460314937944
"21","16.06.2021",16542.8,0.00795646674113452
"22","15.06.2021",16655.8,0.00680754226941971
"23","14.06.2021",16662.4,0.000396179870841074
"24","11.06.2021",16694.9,0.0019485995739253
"25","10.06.2021",16651.4,-0.00260898658469972
"26","09.06.2021",16620,-0.00188750754836644
"27","08.06.2021",16685.5,0.00393328936329263
"28","07.06.2021",16685.1,-2.39731979658838e-05
"29","04.06.2021",16708.7,0.00141343626236087
"30","03.06.2021",16632.3,-0.00458295394391453
"31","02.06.2021",16674,0.00250403207734644
"32","01.06.2021",16643.3,-0.00184288694994462
"33","28.05.2021",16555.7,-0.00527727963508364
"34","27.05.2021",16531.9,-0.00143860564711126
"35","26.05.2021",16452,-0.00484479738810459
"36","25.05.2021",16390.2,-0.0037634551243518
"37","24.05.2021",16464.7,0.0045350999508484
"38","21.05.2021",16375,-0.0054629136733586
"39","20.05.2021",16350.5,-0.00149730360588835
"40","19.05.2021",16233.3,-0.0071937898851915
"41","18.05.2021",16337.7,0.00641063262023195
"42","17.05.2021",16423,0.0052074707049561
"43","14.05.2021",16415.4,-0.000462872742623963
"44","13.05.2021",16181.6,-0.0143451243560512
"45","12.05.2021",16043,-0.00860217688781005
"46","11.05.2021",16355.6,0.01929772897723
"47","10.05.2021",16516.8,0.00980769838301981
"48","07.05.2021",16590.4,0.00444617009268827
"49","06.05.2021",16459.6,-0.00791532120480887
"50","05.05.2021",16348.4,-0.00677886038955898
"51","04.05.2021",16289.3,-0.00362158268478495
"52","03.05.2021",16325.2,0.00220147569327129
"53","30.04.2021",16219.3,-0.00650803507679529
"54","29.04.2021",16376,0.00961495719978831
"55","28.04.2021",16322.1,-0.00329683063054606
"56","27.04.2021",16273.3,-0.00299428977467982
"57","26.04.2021",16241.2,-0.00197450432446655
"58","23.04.2021",16206,-0.0021696795907625
"59","22.04.2021",16030.6,-0.0108821482984609
"60","21.04.2021",16121.6,0.00566059199602683
"61","20.04.2021",15944.6,-0.0110397738226723
"62","19.04.2021",16107.6,0.0101709963860266
"63","16.04.2021",16186.3,0.00487399513831281
"64","15.04.2021",16116.8,-0.00430299923148688
"65","14.04.2021",16000.2,-0.00726098404462266
"66","13.04.2021",15962.3,-0.00237153024719334
"67","12.04.2021",15977.5,0.000951790627836073
"68","09.04.2021",15956.4,-0.00132147987377632
"69","08.04.2021",15886.6,-0.00438401606594554
"70","07.04.2021",15838.8,-0.0030133606618058
"71","06.04.2021",15878,0.00247187736214955
"72","05.04.2021",15870.3,-0.000485065351592198
"73","01.04.2021",15752.2,-0.00746939989470235
"74","31.03.2021",15601.7,-0.00960015537943538
"75","30.03.2021",15626.1,0.00156271046730997
"76","29.03.2021",15611.9,-0.000909149175881121
"77","26.03.2021",15682.5,0.00451199702014091
"78","25.03.2021",15410.4,-0.01750283482295
"79","24.03.2021",15276.6,-0.00872036027615241
"80","23.03.2021",15346.5,0.00456518911530843
"81","22.03.2021",15551.6,0.0132760922177378
"82","19.03.2021",15562.3,0.000687795514018732
"83","18.03.2021",15589.1,0.00172062935289777
"84","17.03.2021",15731.2,0.00907404941984768
"85","16.03.2021",15669.3,-0.00394261748585617
"86","15.03.2021",15775.5,0.00675471962244256
"87","12.03.2021",15715.2,-0.00382970678326735
"88","11.03.2021",15648,-0.00428528357032694
"89","10.03.2021",15521.8,-0.00809762588103403
"90","09.03.2021",15375.6,-0.00946365009003369
"91","08.03.2021",15288.4,-0.00568746641382292
"92","05.03.2021",15251.8,-0.0023968420325863
"93","04.03.2021",14959.4,-0.0193576640848304
"94","03.03.2021",15199.2,0.0159029300980391
"95","02.03.2021",15277,0.00510563449539263
"96","01.03.2021",15327.8,0.00331974374309133
"97","26.02.2021",15010.5,-0.0209182169101937
"98","25.02.2021",15206.7,0.0129861639902899
"99","24.02.2021",15539.4,0.0216426139487314
"100","23.02.2021",15359.1,-0.0116706019026592
"101","22.02.2021",15340.5,-0.00121174232080522
"102","19.02.2021",15362.7,0.00144610358977234
"103","18.02.2021",15290.6,-0.00470423301655714
"104","17.02.2021",15402.6,0.00729806583278139
"105","16.02.2021",15423,0.00132357540344055
"106","12.02.2021",15369.6,-0.00346836925310904
"107","11.02.2021",15297.1,-0.00472826453908528
"108","10.02.2021",15273.9,-0.00151777857798095
"109","09.02.2021",15244.4,-0.00193326687188153
"110","08.02.2021",15226.6,-0.00116832411307288
"111","05.02.2021",15069.6,-0.0103644289004752
"112","04.02.2021",14975.4,-0.00627061465578786
"113","03.02.2021",14839.1,-0.00914326583021723
"114","02.02.2021",14768.6,-0.00476228367898256
"115","01.02.2021",14596.2,-0.0117420844563454
"116","29.01.2021",14397.2,-0.0137274776338006
"117","28.01.2021",14669.5,0.01873676518039
"118","27.01.2021",14487.7,-0.0124704948362326
"119","26.01.2021",14867.4,0.0258708829207188
"120","25.01.2021",14935.3,0.00455664201457296
"121","22.01.2021",14951.8,0.00110415541664086
"122","21.01.2021",15019,0.00448437229661492
"123","20.01.2021",15097.3,0.00519985366236822
"124","19.01.2021",14987.3,-0.00731274407492873
"125","15.01.2021",14894.2,-0.00623130038645578
"126","14.01.2021",15044.4,0.0100339535034153
"127","13.01.2021",14983.6,-0.0040495592838611
"128","12.01.2021",15010.3,0.00178036247720778
"129","11.01.2021",14938,-0.00482833018631435
"130","08.01.2021",14966.8,0.00192611279151055
"131","07.01.2021",14928.8,-0.00254218148926083
"132","06.01.2021",14788.8,-0.00942209570874876
"133","05.01.2021",14536.5,-0.0172074096677987
"134","04.01.2021",14376.7,-0.0110538872998633
"135","31.12.2020",14524.8,0.0102486927192953
"136","30.12.2020",14477.5,-0.00326181316220159
"137","29.12.2020",14397.9,-0.00551335750390069
"138","28.12.2020",14405.8,0.000548540652630665
"139","24.12.2020",14382.5,-0.00161871351122635
"140","23.12.2020",14398.6,0.00111878987803474
"141","22.12.2020",14321.3,-0.00538304009838914
"142","21.12.2020",14378.8,0.00400696004081373
"143","18.12.2020",14467.8,0.00617059080780665
"144","17.12.2020",14516.7,0.00337422045544002
"145","16.12.2020",14408.9,-0.00745363961918062
"146","15.12.2020",14402.3,-0.000458155169895599
"147","14.12.2020",14214.9,-0.0130972057940931
"148","11.12.2020",14355.3,0.00982850174039407
"149","10.12.2020",14394.3,0.00271308288968599
"150","09.12.2020",14374.1,-0.00140431885817216
"151","08.12.2020",14402.2,0.00195299666264087
"152","07.12.2020",14355,-0.00328265911736936
"153","04.12.2020",14417.3,0.00433056080766742
"154","03.12.2020",14217.2,-0.0139763751606113
"155","02.12.2020",14188.2,-0.00204186598855191
"156","01.12.2020",14146.6,-0.00293632070030666
"157","30.11.2020",14006.5,-0.00995280494894358
"158","27.11.2020",14198.5,0.013614817642474
"159","25.11.2020",14191.6,-0.000486084947630271
"160","24.11.2020",14249.5,0.00407157810264817
"161","23.11.2020",13998.2,-0.0177930684591003
"162","20.11.2020",13827,-0.0123055475141917
"163","19.11.2020",13863.2,0.0026146449374177
"164","18.11.2020",13808.7,-0.00393901903865627
"165","17.11.2020",13949.1,0.010116161751845
"166","16.11.2020",13982.2,0.00237010203568148
"167","13.11.2020",13761.3,-0.0159247873060318
"168","12.11.2020",13551.5,-0.0153630624809315
"169","11.11.2020",13724.8,0.0127071730346187
"170","10.11.2020",13708,-0.00122481132806177
"171","09.11.2020",13611.7,-0.00704988699359394
"172","06.11.2020",13218.7,-0.0292972232852808
"173","05.11.2020",13199.1,-0.00148384828383006
"174","04.11.2020",12979,-0.0168159787440356
"175","03.11.2020",12877.5,-0.00785106424801863
"176","02.11.2020",12662.2,-0.0168604251674101
"177","30.10.2020",12429.3,-0.0185645887193932
"178","29.10.2020",12502.3,0.00585603881153162
"179","28.10.2020",12415.4,-0.00697498985141465
"180","27.10.2020",12817.9,0.0319049939915864
"181","26.10.2020",12936.4,0.00920241173373685
"182","23.10.2020",13199.9,0.0201642105498132
"183","22.10.2020",13145.9,-0.00409933087021769
"184","21.10.2020",13040.1,-0.00808069775507659
"185","20.10.2020",13092.2,0.00398740784622626
"186","19.10.2020",13018.5,-0.00564521025671311
"187","16.10.2020",13169.3,0.0115169404713605
"188","15.10.2020",13137.3,-0.00243285075101801
"189","14.10.2020",13143.2,0.000449002119375507
"190","13.10.2020",13212,0.00522099291855305
"191","12.10.2020",13324.9,0.00850895780477316
"192","09.10.2020",13252.6,-0.00544070573587553
"193","08.10.2020",13190.6,-0.0046893048959877
"194","07.10.2020",13042.3,-0.0113065333880365
"195","06.10.2020",12837.9,-0.0157961878294598
"196","05.10.2020",12949.7,0.00867088837008736
"197","02.10.2020",12749.8,-0.01555703664715
"198","01.10.2020",12726.8,-0.00180557894291659
"199","30.09.2020",12701.9,-0.00195841769012599
"200","29.09.2020",12602.6,-0.00784844669713941
"201","28.09.2020",12677.5,0.00592562681032479
"202","25.09.2020",12485.4,-0.0152688070223853
"203","24.09.2020",12365.5,-0.00964962479227571
"204","23.09.2020",12359.2,-0.000509611856673259
"205","22.09.2020",12602.5,0.019494481958946
"206","21.09.2020",12561.8,-0.00323474410088377
"207","18.09.2020",12833.6,0.0214062687567579
"208","17.09.2020",12948.5,0.00891321969036758
"209","16.09.2020",12997.9,0.00380785463036489
"210","15.09.2020",12967.2,-0.00236471373542696
"211","14.09.2020",12932.7,-0.00266410452589969
"212","11.09.2020",12773,-0.0124254196292893
"213","10.09.2020",12706.7,-0.00520415465133056
"214","09.09.2020",12885.8,0.0139965164665324
"215","08.09.2020",12688.1,-0.0154613835516084
"216","04.09.2020",12917.2,0.0178952102771719
"217","03.09.2020",12966.1,0.00377850260044863
"218","02.09.2020",13276.7,0.0236723599907869
"219","01.09.2020",13113.7,-0.0123531339282678
"220","31.08.2020",13045.6,-0.00520657309944233
"221","28.08.2020",13171,0.0095665308519791
"222","27.08.2020",13068.8,-0.00778973290880948
"223","26.08.2020",13042.5,-0.00201445419368921
"224","25.08.2020",13002,-0.00311006413213369
"225","24.08.2020",12972.9,-0.00224062554038518
"226","21.08.2020",12809.1,-0.0127067104126717
"227","20.08.2020",12812.9,0.000296620094283111
"228","19.08.2020",12859.9,0.00366146680596969
"229","18.08.2020",12910.3,0.00391149965923961
"230","17.08.2020",12936.1,0.00199641022108735
"231","14.08.2020",12902.5,-0.00260076156905467
"232","13.08.2020",12919.2,0.00129348589197507
"233","12.08.2020",12974.8,0.00429443774224236
"234","11.08.2020",12849.4,-0.00971189703087138
"235","10.08.2020",12844,-0.000420341416823625
"236","07.08.2020",12765.8,-0.0061070561305693
"237","06.08.2020",12729.2,-0.00287115317848466
"238","05.08.2020",12731.5,0.000180670602635033
"239","04.08.2020",12612.1,-0.0094225669129189
"240","03.08.2020",12536.8,-0.00598835138106055
"241","31.07.2020",12465,-0.00574360225134795
"242","30.07.2020",12533.3,0.00546438517421301
"243","29.07.2020",12669.6,0.0108163210456448
"244","28.07.2020",12491.2,-0.0141810268114896
"245","27.07.2020",12553.1,0.00494325064366534
"246","24.07.2020",12461.8,-0.00729968182262427
"247","23.07.2020",12510.9,0.0039322991321988
"248","22.07.2020",12569.1,0.00464115665634674
"249","21.07.2020",12508.7,-0.00481701878089469
"250","20.07.2020",12393,-0.0092926051298442
"251","17.07.2020",12402.7,0.000782393761403382
"252","16.07.2020",12350.1,-0.00425003063694427
"253","15.07.2020",12391.3,0.00333045325504998
"254","14.07.2020",12204.2,-0.0152144586726206
"255","13.07.2020",12014.7,-0.0156492547019325
"256","10.07.2020",12075.6,0.00505598765745762
"257","09.07.2020",11928.6,-0.012248009736942
"258","08.07.2020",12086.4,0.0131419755277918
"259","07.07.2020",11990.1,-0.00799954424778802
"260","06.07.2020",12160,0.0140705672498085
"261","02.07.2020",11991.5,-0.0139538110699379
"262","01.07.2020",11901.5,-0.00753362287411788
"263","30.06.2020",11893.8,-0.000647186651881956
"264","29.06.2020",11777.1,-0.00986028799194853
"265","26.06.2020",11604.4,-0.0147726314129708
"266","25.06.2020",11865.1,0.0222169814650675
"267","24.06.2020",11726.5,-0.0117500800827364
"268","23.06.2020",12077.7,0.029509539108304
"269","22.06.2020",12028.9,-0.00404868929341466
"270","19.06.2020",11980.1,-0.00406514783650997
"271","18.06.2020",12072.6,0.00769148212184502
"272","17.06.2020",12086.5,0.00115070524429928
"273","16.06.2020",12161.5,0.00618609692952564
"274","15.06.2020",11942.9,-0.0181382646478936
"275","12.06.2020",11867.2,-0.00635866754549362
"276","11.06.2020",11659.2,-0.0176827240662759
"277","10.06.2020",12449.2,0.0655607958841522
"278","09.06.2020",12619.5,0.013586872858808
"279","08.06.2020",12836.6,0.0170572290121357
"280","05.06.2020",12641.4,-0.0153233236099743
"281","04.06.2020",12287,-0.0284353491935682
"282","03.06.2020",12302.2,0.00123631528769301
"283","02.06.2020",12046.4,-0.0210122480594064
"284","01.06.2020",11900.2,-0.0122106534147793
"285","29.05.2020",11803,-0.00820147025200952
"286","28.05.2020",11804.9,0.000160963067795296
"287","27.05.2020",11837.5,0.00275775899746936
"288","26.05.2020",11603,-0.0200087731467882
"289","22.05.2020",11332,-0.0236331033971383
"290","21.05.2020",11351.6,0.00172812118691843
"291","20.05.2020",11420,0.00600750107267566
"292","19.05.2020",11249,-0.0150869684171753
"293","18.05.2020",11402.2,0.0135270834271824
"294","15.05.2020",10947.3,-0.0407134687225252
"295","14.05.2020",10927.4,-0.00181945402586249
"296","13.05.2020",10829.4,-0.00900873867336303
"297","12.05.2020",11055.6,0.020672429104629
"298","11.05.2020",11281.4,0.0202182649229004
"299","08.05.2020",11354.3,0.00644117496201922
"300","07.05.2020",11121.7,-0.0206983719699955
"301","06.05.2020",11000,-0.0110028820373031
"302","05.05.2020",11135.4,0.0122339500318062
"303","04.05.2020",11056.3,-0.00712882158544474
"304","01.05.2020",11058.6,0.000208004558762913
"305","30.04.2020",11372.3,0.027972168221187
"306","29.04.2020",11618.2,0.0213922600643842
"307","28.04.2020",11319.7,-0.0260282634319919
"308","27.04.2020",11264.8,-0.0048617510361097
"309","24.04.2020",11017.9,-0.0221615966689884
"310","23.04.2020",10916.7,-0.00922749610837238
"311","22.04.2020",10908.6,-0.000742257872458951
"312","21.04.2020",10706.4,-0.0187097754711175
"313","20.04.2020",11003.9,0.0274080619165005
"314","17.04.2020",11208.3,0.0184048198552479
"315","16.04.2020",10818,-0.0354431618225408
"316","15.04.2020",10843.9,0.00239129645525027
"317","14.04.2020",11172.2,0.029825839915809
"318","13.04.2020",10949.5,-0.0201347567007867
"319","09.04.2020",11136.6,0.016943188331463
"320","08.04.2020",10902.6,-0.0212356885500416
"321","07.04.2020",10537,-0.0341084202835387
"322","06.04.2020",10515.2,-0.00207104319663323
"323","03.04.2020",9880.6,-0.0622485907599571
"324","02.04.2020",10062.4,0.0182324661463017
"325","01.04.2020",9844.8,-0.0218623078030131
"326","31.03.2020",10301.9,0.0453849472391546
"327","30.03.2020",10434.7,0.0128084464715947
"328","27.03.2020",10187.2,-0.0240047604342142
"329","26.03.2020",10536.3,0.0336944075590851
"330","25.03.2020",9961.4,-0.0561088138721535
"331","24.03.2020",9658.3,-0.030899974666884
"332","23.03.2020",8777.4,-0.0956374130707132
"333","20.03.2020",9133.2,0.0397358898492508
"334","19.03.2020",9461.3,0.0352936682620316
"335","18.03.2020",9384.6,-0.00813974641512705
"336","17.03.2020",10063.4,0.0698350318127495
"337","16.03.2020",9567.5,-0.0505331414211431
"338","13.03.2020",10852,0.125977456478965
"339","12.03.2020",10060.8,-0.0757027104240444
"340","11.03.2020",11177.3,0.10523825150448
"341","10.03.2020",11793.3,0.0536466377267895
"342","09.03.2020",11298.4,-0.0428704508311934
"343","06.03.2020",12352,0.0891568705097034
"344","05.03.2020",12593,0.019323110741289
"345","04.03.2020",13010,0.0325771885007045
"346","03.03.2020",12542.7,-0.0365794694909423
"347","02.03.2020",12828,0.0224914587974369
"348","28.02.2020",12381,-0.035467242392354
"349","27.02.2020",12547.3,0.0133424635511978
"350","26.02.2020",13046.6,0.0390220604349792
"351","25.02.2020",13143.7,0.00741499294750988
"352","24.02.2020",13534.1,0.0292698702090768
"353","21.02.2020",13975.8,0.0321148359019086
"354","20.02.2020",14061.5,0.00611330384178628
"355","19.02.2020",14087.1,0.00181891867148343
"356","18.02.2020",14039,-0.00342031400668212
"357","14.02.2020",14097.3,0.00414411869617769
"358","13.02.2020",14099,0.00012058319723225
"359","12.02.2020",14137,0.00269160100167156
"360","11.02.2020",14054.1,-0.00588130572822161
"361","10.02.2020",13984.5,-0.00496459473395295
"362","07.02.2020",13931.9,-0.0037683986650822
"363","06.02.2020",14035,0.00737303505620701
"364","05.02.2020",14024.9,-0.000719888555282422
"365","04.02.2020",13862.8,-0.0116253276981192
"366","03.02.2020",13677.9,-0.0134276019216471
"367","31.01.2020",13614.1,-0.00467537126025845
"368","30.01.2020",13861.9,0.0180380491249949
"369","29.01.2020",13843.8,-0.00130659052649783
"370","28.01.2020",13877.6,0.0024385504880264
"371","27.01.2020",13769.6,-0.00781276580291865
"372","24.01.2020",13978.5,0.0150571712495394
"373","23.01.2020",14102,0.00879619638516597
"374","22.01.2020",14110.2,0.000581308811855309
"375","21.01.2020",14110,-1.41742439815672e-05
"376","17.01.2020",14183.2,0.00517439973731103
"377","16.01.2020",14141.8,-0.00292321479123638
"378","15.01.2020",14053.2,-0.00628482295684245
"379","14.01.2020",14037.1,-0.00114630329779071
"380","13.01.2020",14042.7,0.000398863245054652
"381","10.01.2020",13958,-0.00604986720625892
"382","09.01.2020",13997.7,0.00284020980963683
"383","08.01.2020",13934.4,-0.0045324274482587
"384","07.01.2020",13898.5,-0.00257968231185567
"385","06.01.2020",13941.8,0.00311060117266323
"386","03.01.2020",13917,-0.00178040737942931
"387","02.01.2020",14002.5,0.00612477066413397
"388","31.12.2019",13913,-0.00641223024211058
"389","30.12.2019",13876.2,-0.00264851248049547
"390","27.12.2019",13944.1,0.0048813373560763
"391","26.12.2019",13940.4,-0.000265380410028197
"392","24.12.2019",13895.1,-0.00325483932332908
"393","23.12.2019",13900,0.000352580134682816
"394","20.12.2019",13889.3,-0.000770080608635753
"395","19.12.2019",13831.7,-0.00415570021970547
"396","18.12.2019",13799.2,-0.00235243984002273
"397","17.12.2019",13795.3,-0.000282665025709395
"398","16.12.2019",13795.2,-7.24887189420782e-06
"399","13.12.2019",13697.3,-0.00712197245144279
"400","12.12.2019",13697.4,7.30068224871539e-06
"401","11.12.2019",13579.9,-0.00861527546829753
"402","10.12.2019",13545.3,-0.00255113464715922
"403","09.12.2019",13555.1,0.000723236588919354
"404","06.12.2019",13588.3,0.00244626808405427
"405","05.12.2019",13482.3,-0.00783141428391335
"406","04.12.2019",13458,-0.00180398930896195
"407","03.12.2019",13366.1,-0.00685207403532669
"408","02.12.2019",13448.3,0.00613105327660247
"409","29.11.2019",13545.2,0.00717953701680698
"410","27.11.2019",13607.6,0.00459621916348673
"411","26.11.2019",13559.7,-0.00352630181398845
"412","25.11.2019",13532.9,-0.00197840065120525
"413","22.11.2019",13441,-0.00681402063349082
"414","21.11.2019",13406.4,-0.00257753221212627
"415","20.11.2019",13419.3,0.000961764352420673
"416","19.11.2019",13466.3,0.00349629897623558
"417","18.11.2019",13483.8,0.00129869666232365
"418","15.11.2019",13493,0.000682067580785527
"419","14.11.2019",13392,-0.00751351870153076
"420","13.11.2019",13385,-0.000522836774803668
"421","12.11.2019",13387.6,0.000194228428182025
"422","11.11.2019",13388.1,3.73472962467755e-05
"423","08.11.2019",13407.8,0.00147037446395047
"424","07.11.2019",13395.5,-0.000917797499816093
"425","06.11.2019",13351.6,-0.00328260180881451
"426","05.11.2019",13339.6,-0.000899172821642498
"427","04.11.2019",13355.4,0.00118374241206018
"428","01.11.2019",13300.3,-0.00413420607818834
"429","31.10.2019",13171.8,-0.00970841068849887
"430","30.10.2019",13244,0.00546643900920473
"431","29.10.2019",13209.6,-0.00260078170005737
"432","28.10.2019",13186.4,-0.00175784254993336
"433","25.10.2019",13146.2,-0.00305325195611971
"434","24.10.2019",13118.9,-0.00207880494125316
"435","23.10.2019",13114.4,-0.000343075407526851
"436","22.10.2019",13071.9,-0.00324597498052388
"437","21.10.2019",13088.6,0.00127673418080588
"438","18.10.2019",13006.6,-0.00628470139329924
"439","17.10.2019",13039.2,0.00250328398619363
"440","16.10.2019",12994.9,-0.00340323212685174
"441","15.10.2019",13006,0.000853816650525815
"442","14.10.2019",12896.2,-0.00847809511808245
"443","11.10.2019",12926.9,0.00237771719612551
"444","10.10.2019",12766,-0.0125250246911377
"445","09.10.2019",12691.2,-0.00587654693058036
"446","08.10.2019",12590.9,-0.00793450909618385
"447","07.10.2019",12777.7,0.0147271332448821
"448","04.10.2019",12831.5,0.00420162122573473
"449","03.10.2019",12685.8,-0.0114198276009771
"450","02.10.2019",12608.4,-0.00611999917614819
"451","01.10.2019",12835.3,0.0178359291371985
"452","30.09.2019",13004.7,0.0131116429460024
"453","27.09.2019",12972,-0.0025176421387221
"454","26.09.2019",13028.7,0.00436142795226105
"455","25.09.2019",13037.6,0.000682874082309471
"456","24.09.2019",12992.3,-0.00348061619391104
"457","23.09.2019",13085.3,0.00713258844922504
"458","20.09.2019",13093.8,0.000649372995916166
"459","19.09.2019",13111.3,0.00133561807445776
"460","18.09.2019",13119.3,0.000609974628719613
"461","17.09.2019",13131.4,0.000921880243722636
"462","16.09.2019",13108,-0.00178357784120382
"463","13.09.2019",13124.3,0.00124274288551299
"464","12.09.2019",13116,-0.000632614739679479
"465","11.09.2019",13082.4,-0.00256504354635807
"466","10.09.2019",12994,-0.00678010297770451
"467","09.09.2019",12960.7,-0.00256601064714575
"468","06.09.2019",12933.4,-0.00210858922418535
"469","05.09.2019",12917.8,-0.00120690736937652
"470","04.09.2019",12796.3,-0.0094501385786775
"471","03.09.2019",12663.4,-0.0104401235780865
"472","30.08.2019",12736.9,0.00578734937359318
"473","29.08.2019",12704,-0.0025863879296809
"474","28.08.2019",12559.2,-0.0114634397608091
"475","27.08.2019",12474,-0.00680698664003986
"476","26.08.2019",12519.6,0.0036489381758561
"477","23.08.2019",12416.5,-0.00826918303120692
"478","22.08.2019",12688.5,0.0216698381814618
"479","21.08.2019",12697,0.000669673657612493
"480","20.08.2019",12599.4,-0.00771655131166399
"481","19.08.2019",12687.9,0.00699958962264336
"482","16.08.2019",12580.4,-0.00850873612945263
"483","15.08.2019",12409.5,-0.0136777389529709
"484","14.08.2019",12368,-0.00334981647114403
"485","13.08.2019",12724.4,0.02840891820285
"486","12.08.2019",12586.2,-0.0109204343972543
"487","09.08.2019",12748.4,0.0128047978831414
"488","08.08.2019",12828.8,0.00628686993224756
"489","07.08.2019",12633,-0.0153802056181503
"490","06.08.2019",12628.1,-0.000387948273151648
"491","05.08.2019",12497.3,-0.0104118685978531
"492","02.08.2019",12839.5,0.0270137357167375
"493","01.08.2019",12920.8,0.00631205924853313
"494","31.07.2019",13066.6,0.0112209401323091
"495","30.07.2019",13187.2,0.0091873060878858
"496","29.07.2019",13222.6,0.00268082463336486
"497","26.07.2019",13235.5,0.000975126787047264
"498","25.07.2019",13169.3,-0.00501425034114052
"499","24.07.2019",13234.9,0.00496891668542678
"500","23.07.2019",13197.5,-0.00282986221142522
"501","22.07.2019",13109.8,-0.00666737558652232
"502","19.07.2019",13112,0.00016779931241652
"503","18.07.2019",13168.7,0.00431496025404129
"504","17.07.2019",13120,-0.00370501817962686
"505","16.07.2019",13195.2,0.00571534358101104
"506","15.07.2019",13233.4,0.00289080969876667
"507","12.07.2019",13234.8,0.0001057873222437
"508","11.07.2019",13198.7,-0.00273138422407512
"509","10.07.2019",13173.3,-0.00192628604990579
"510","09.07.2019",13136.9,-0.00276698947358035
"511","08.07.2019",13147.2,0.000783743824383239
"512","05.07.2019",13210.9,0.00483343822308117
"513","03.07.2019",13239.9,0.00219275119238092
"514","02.07.2019",13152.5,-0.00662314298742321
"515","01.07.2019",13127.7,-0.0018873530157057
"516","28.06.2019",13049.7,-0.00595935660840386
"517","27.06.2019",12965.3,-0.00648858705481607
"518","26.06.2019",12912,-0.00411944641630655
"519","25.06.2019",12936.7,0.00191112183729391
"520","24.06.2019",13020,0.00641840341553636
"521","21.06.2019",13047.2,0.00208691458014792
"522","20.06.2019",13081.5,0.00262546699244198
"523","19.06.2019",12954.1,-0.00978667799880134
"524","18.06.2019",12907.5,-0.0036038025825445
"525","17.06.2019",12775.5,-0.010279263504559
"526","14.06.2019",12787.2,0.000915396324879738
"527","13.06.2019",12827.5,0.00314663324199474
"528","12.06.2019",12784.8,-0.00333433854522086
"529","11.06.2019",12813.9,0.00227355393320274
"530","10.06.2019",12802,-0.00092911050215316
"531","07.06.2019",12765.9,-0.00282385522384892
"532","06.06.2019",12675.7,-0.00709077871920312
"533","05.06.2019",12614.7,-0.00482397417935788
"534","04.06.2019",12560.6,-0.00429786999769578
"535","03.06.2019",12341.8,-0.0175730556611697
"536","31.05.2019",12264.5,-0.00628296446753579
"537","30.05.2019",12393.7,0.0104793685153532
"538","29.05.2019",12386.2,-0.000605329337811291
"539","28.05.2019",12465.9,0.00641396688659269
"540","24.05.2019",12581.4,0.00922261630348258
"541","23.05.2019",12525,-0.00449288586768937
"542","22.05.2019",12672,0.0116681881011416
"543","21.05.2019",12720.7,0.00383575277227255
"544","20.05.2019",12616.8,-0.00820132865313163
"545","17.05.2019",12657.6,0.00322856609378411
"546","16.05.2019",12738.4,0.00636322827508433
"547","15.05.2019",12652.3,-0.00678203673165426
"548","14.05.2019",12620,-0.00255615971535784
"549","13.05.2019",12526.7,-0.00742049080950971
"550","10.05.2019",12788.1,0.0206526846945544
"551","09.05.2019",12731.3,-0.00445152266871165
"552","08.05.2019",12766.7,0.00277669015173922
"553","07.05.2019",12778.5,0.000923852687728253
"554","06.05.2019",12976.7,0.0153913704951625
"555","03.05.2019",13037.9,0.00470505892088395
"556","02.05.2019",12929.6,-0.00834124408786798
"557","01.05.2019",12946.1,0.00127532799007444
"558","30.04.2019",13060.7,0.00881313669968652
"559","29.04.2019",13008.1,-0.00403548083402594
"560","26.04.2019",12991.2,-0.00130003518404045
"561","25.04.2019",12913,-0.00603764930422623
"562","24.04.2019",12951.6,0.00298477677264946
"563","23.04.2019",12993.8,0.00325298798346655
"564","22.04.2019",12914.3,-0.00613709608373454
"565","18.04.2019",12922.7,0.000650230312804244
"566","17.04.2019",12907.1,-0.00120790729287509
"567","16.04.2019",12952.2,0.00348811032992456
"568","15.04.2019",12956.7,0.000347370984121363
"569","12.04.2019",12969.5,0.00098741821323564
"570","11.04.2019",12887.1,-0.00637363605006337
"571","10.04.2019",12887.4,2.32788220926761e-05
"572","09.04.2019",12849.7,-0.00292962509093781
"573","08.04.2019",12943.3,0.00725781497859784
"574","05.04.2019",12927.7,-0.00120598367985108
"575","04.04.2019",12868.7,-0.00457428965878313
"576","03.04.2019",12833.6,-0.00273127477463833
"577","02.04.2019",12819,-0.00113828630052546
"578","01.04.2019",12836,0.00132527791761295
"579","29.03.2019",12696.9,-0.0108958540671622
"580","28.03.2019",12632.6,-0.00507709493840187
"581","27.03.2019",12591.7,-0.00324290750138214
"582","26.03.2019",12641.4,0.00393927533833817
"583","25.03.2019",12535.7,-0.00839656839012936
"584","22.03.2019",12539.4,0.000295113481250552
"585","21.03.2019",12782.5,0.0192013608018937
"586","20.03.2019",12700.3,-0.00645143273922375
"587","19.03.2019",12760.8,0.00475235664330792
"588","18.03.2019",12781.4,0.00161301723942862
"589","15.03.2019",12715.8,-0.00514567440708356
"590","14.03.2019",12660.2,-0.00438210032889023
"591","13.03.2019",12674.3,0.00111310674817589
"592","12.03.2019",12582.8,-0.00724551910499988
"593","11.03.2019",12561.3,-0.00171014315405119
"594","08.03.2019",12415.1,-0.0117071851685378
"595","07.03.2019",12443.4,0.00227688816510384
"596","06.03.2019",12538,0.00757367098652993
"597","05.03.2019",12624.5,0.00687533756499318
"598","04.03.2019",12637.3,0.00101338788965292
"599","01.03.2019",12700.7,0.00500435174941173
"600","28.02.2019",12644.8,-0.0044110465872609
"601","27.02.2019",12689.9,0.00356033800602732
"602","26.02.2019",12686.6,-0.0002600831492602
"603","25.02.2019",12700.2,0.00107142304670199
"604","22.02.2019",12694.5,-0.000448912575909429
"605","21.02.2019",12621.8,-0.0057433511090144
"606","20.02.2019",12673.7,0.00410350242750679
"607","19.02.2019",12628.4,-0.00358073427911117
"608","15.02.2019",12603.5,-0.00197369267340822
"609","14.02.2019",12440.2,-0.013041388809891
"610","13.02.2019",12474.9,0.00278546122117447
"611","12.02.2019",12438.4,-0.00293016389762272
"612","11.02.2019",12297.9,-0.0113599455810293
"613","08.02.2019",12292.1,-0.000471736486991281
"614","07.02.2019",12295.2,0.000252162703218836
"615","06.02.2019",12398.7,0.008382686094387
"616","05.02.2019",12428.3,0.00238450187498227
"617","04.02.2019",12381.8,-0.00374847779315232
"618","01.02.2019",12329.7,-0.00421666650717351
"619","31.01.2019",12299,-0.00249302771973509
"620","30.01.2019",12222.4,-0.00624762445531522
"621","29.01.2019",12090.8,-0.0108255009786695
"622","28.01.2019",12065.1,-0.00212784534601299
"623","25.01.2019",12127.3,0.0051421220759106
"624","24.01.2019",12029.5,-0.00809714319312139
"625","23.01.2019",12020.9,-0.000715164851025067
"626","22.01.2019",11999.4,-0.00179015297408106
"627","18.01.2019",12151.8,0.0126206584238938
"628","17.01.2019",11994.5,-0.0130290955740127
"629","16.01.2019",11907.6,-0.00727135966178068
"630","15.01.2019",11868.7,-0.003272168900023
"631","14.01.2019",11799.1,-0.00588142544965258
"632","11.01.2019",11848,0.00413581958911407
"633","10.01.2019",11839.3,-0.000734570879011652
"634","09.01.2019",11778.4,-0.00515716051742425
"635","08.01.2019",11716.2,-0.00529484607669239
"636","07.01.2019",11606,-0.00945029372395282
"637","04.01.2019",11533.3,-0.00628370255043474
"638","03.01.2019",11190.4,-0.0301822353310623
"639","02.01.2019",11383.5,0.0171086706430205
"640","31.12.2018",11374.4,-0.000799722336858557
"641","28.12.2018",11291,-0.00735926799469647
"642","27.12.2018",11285.3,-0.000504954321223233
"643","26.12.2018",11204.1,-0.00722121113533926
"644","24.12.2018",10769.8,-0.0395338618480875
"645","21.12.2018",11036.8,0.0244892228666496
"646","20.12.2018",11222.8,0.0167122795678555
"647","19.12.2018",11371.8,0.0131891832499322
"648","18.12.2018",11502.2,0.0114017148425148
"649","17.12.2018",11532.1,0.00259612984059058
"650","14.12.2018",11755.4,0.0191782582249738
"651","13.12.2018",11936.2,0.0152630898669445
"652","12.12.2018",11943.3,0.000594652334363764
"653","11.12.2018",11860.7,-0.006940037937277
"654","10.12.2018",11889.3,0.00240842221680137
"655","07.12.2018",11941.9,0.00441438831592362
"656","06.12.2018",12144.4,0.0168149339042364
"657","04.12.2018",12222,0.00636944828547993
"658","03.12.2018",12577.5,0.0286718969106127
"659","30.11.2018",12457.5,-0.009586652209914
"660","29.11.2018",12389.4,-0.00548158285507648
"661","28.11.2018",12417.6,0.00227355279939114
"662","27.11.2018",12188.1,-0.0186547552363355
"663","26.11.2018",12181.6,-0.000533449337016142
"664","23.11.2018",12036.2,-0.0120078410984265
"665","21.11.2018",12123.3,0.00721044536221463
"666","20.11.2018",12048.7,-0.00617245050881466
"667","19.11.2018",12280.9,0.0190884396363438
"668","16.11.2018",12400.3,0.00967545593101616
"669","15.11.2018",12361.5,-0.00313386197730814
"670","14.11.2018",12275.5,-0.00698139784084479
"671","13.11.2018",12328.3,0.00429202652066255
"672","12.11.2018",12343.5,0.00123217616251169
"673","09.11.2018",12537.5,0.0155945445563136
"674","08.11.2018",12622,0.00671716987399377
"675","07.11.2018",12679.1,0.0045136454099995
"676","06.11.2018",12480.1,-0.0158195928423552
"677","05.11.2018",12424.3,-0.00448114336221495
"678","02.11.2018",12321.8,-0.00828418103813419
"679","01.11.2018",12356.5,0.0028121890785408
"680","31.10.2018",12208.1,-0.0120825745493968
"681","30.10.2018",12129.9,-0.0064261869595934
"682","29.10.2018",11942.5,-0.0155700126169135
"683","26.10.2018",11977,0.00288467768338979
"684","25.10.2018",12118.8,0.0117698218730048
"685","24.10.2018",11969.7,-0.0123795092392079
"686","23.10.2018",12287.4,0.0261958904890179
"687","22.10.2018",12374.8,0.00708779961980746
"688","19.10.2018",12457.3,0.00664464975096325
"689","18.10.2018",12445.5,-0.000947684668642617
"690","17.10.2018",12613,0.0133689163147434
"691","16.10.2018",12646,0.00261293153136524
"692","15.10.2018",12425.7,-0.0175740512124871
"693","12.10.2018",12439.4,0.0011019462126682
"694","11.10.2018",12349.5,-0.00725327821214926
"695","10.10.2018",12622.1,0.0218336693809051
"696","09.10.2018",12960.5,0.0264570246214851
"697","08.10.2018",13000.1,0.00305077931279986
"698","05.10.2018",12992,-0.000623266320321274
"699","04.10.2018",13042.3,0.00386413789409458
"700","03.10.2018",13118.5,0.00582552639814471
"701","02.10.2018",13106,-0.000953307094256251
"702","01.10.2018",13125.3,0.00147152474201893
"703","28.09.2018",13082.5,-0.00326620609509821
"704","27.09.2018",13105.7,0.00177179081183159
"705","26.09.2018",13102,-0.00028235976637269
"706","25.09.2018",13160.6,0.00446262725333797
"707","24.09.2018",13162,0.000106372470904879
"708","21.09.2018",13236.4,0.00563672017926128
"709","20.09.2018",13225.1,-0.000854071060740028
"710","19.09.2018",13122,-0.00782632822976275
"711","18.09.2018",13092,-0.00228885428375171
"712","17.09.2018",13031.9,-0.00460115878790652
"713","14.09.2018",13050.5,0.0014262493599509
"714","13.09.2018",13034.6,-0.00121908690932212
"715","12.09.2018",12990.1,-0.00341983141937205
"716","11.09.2018",12952.3,-0.00291415032924128
"717","10.09.2018",12928.7,-0.00182373220054319
"718","07.09.2018",12911.1,-0.00136223985647645
"719","06.09.2018",12938.9,0.00215087123539417
"720","05.09.2018",12968.5,0.00228506240531456
"721","04.09.2018",12969.9,0.000107948061666123
"722","31.08.2018",13016.9,0.00361722499475848
"723","30.08.2018",13039.9,0.00176537456428889
"724","29.08.2018",13132.2,0.00705334173851172
"725","28.08.2018",13084.8,-0.00361597830777137
"726","27.08.2018",13102,0.0013136391214986
"727","24.08.2018",12999.4,-0.00786168775942332
"728","23.08.2018",12933.5,-0.0050823580742366
"729","22.08.2018",12990.5,0.00439747661275446
"730","21.08.2018",12996.8,0.000484852225773043
"731","20.08.2018",12965.1,-0.00244204128001027
"732","17.08.2018",12908.3,-0.00439061671422205
"733","16.08.2018",12841.3,-0.00520397607762686
"734","15.08.2018",12723.1,-0.00924730033151951
"735","14.08.2018",12835.3,0.00877994872661793
"736","13.08.2018",12763.7,-0.00559398310189414
"737","10.08.2018",12843.5,0.00623264225097612
"738","09.08.2018",12956.7,0.00877518208399758
"739","08.08.2018",12987.9,0.00240512592524354
"740","07.08.2018",12999.6,0.000900432961270779
"741","06.08.2018",12964.3,-0.00271916173997071
"742","03.08.2018",12953.3,-0.000848844079736651
"743","02.08.2018",12898.1,-0.00427056823952572
"744","01.08.2018",12902.4,0.000333326876596321
"745","31.07.2018",12963.3,0.00470894756638772
"746","30.07.2018",12903.4,-0.00463144560942457
"747","27.07.2018",12921.3,0.0013862699560189
"748","26.07.2018",12953.4,0.00248118946060087
"749","25.07.2018",12933.6,-0.00152972564307177
"750","24.07.2018",12847.5,-0.00667933642101204
"751","23.07.2018",12794,-0.00417292885630172
"752","20.07.2018",12789.9,-0.000320514076047778
"753","19.07.2018",12786.5,-0.000265870100563586
"754","18.07.2018",12823.2,0.00286610347819987
"755","17.07.2018",12779.2,-0.0034371811485468
"756","16.07.2018",12748.8,-0.00238169965295487
"757","13.07.2018",12769.5,0.00162236548205179
"758","12.07.2018",12761.5,-0.000626689143537394
"759","11.07.2018",12681.6,-0.00628070185256813
"760","10.07.2018",12814.6,0.0104330218931353
"761","09.07.2018",12776.9,-0.00294629289191173
"762","06.07.2018",12664.9,-0.00880446536849564
"763","05.07.2018",12585.2,-0.00631286725085985
"764","03.07.2018",12494.7,-0.00721696600100777
"765","02.07.2018",12485.6,-0.000728574148632285
"766","29.06.2018",12504.3,0.00149660490761432
"767","28.06.2018",12476,-0.0022657864082643
"768","27.06.2018",12412.1,-0.00513499547257431
"769","26.06.2018",12510.5,0.00789648843271648
"770","25.06.2018",12481.6,-0.00231273185378739
"771","22.06.2018",12639.6,0.0125791827964479
"772","21.06.2018",12560.2,-0.00630165816820648
"773","20.06.2018",12648.7,0.00702135861408799
"774","19.06.2018",12639,-0.000767171429251874
"775","18.06.2018",12708.6,0.00549165798088147
"776","15.06.2018",12734.6,0.0020437687908868
"777","14.06.2018",12772,0.00293257641577817
"778","13.06.2018",12785.5,0.00105644145597778
"779","12.06.2018",12844.7,0.00461955858938932
"780","11.06.2018",12857,0.000957135204208982
"781","08.06.2018",12832.1,-0.00193856599086213
"782","07.06.2018",12788.5,-0.00340351452254852
"783","06.06.2018",12778.2,-0.00080573562933324
"784","05.06.2018",12658.7,-0.00939586813988001
"785","04.06.2018",12673.9,0.00120003488186011
"786","01.06.2018",12620.8,-0.00419851415527819
"787","31.05.2018",12527.1,-0.00745194895863257
"788","30.05.2018",12625.9,0.00785596216189265
"789","29.05.2018",12442.7,-0.0146161541878173
"790","25.05.2018",12634.9,0.0153287207241751
"791","24.05.2018",12696.7,0.00487929089425633
"792","23.05.2018",12743.4,0.00367137334017502
"793","22.05.2018",12766.7,0.00182672796102066
"794","21.05.2018",12804,0.00291740362647705
"795","18.05.2018",12717.4,-0.00678648760440519
"796","17.05.2018",12747.8,0.00238757319332101
"797","16.05.2018",12743.8,-0.000313828871693403
"798","15.05.2018",12704.6,-0.00308074621618006
"799","14.05.2018",12772,0.00529114224387657
"800","11.05.2018",12761.8,-0.000798941054019504
"801","10.05.2018",12731.6,-0.00236924177448433
"802","09.05.2018",12632.5,-0.00781423384010521
"803","08.05.2018",12520.2,-0.00892951819866954
"804","07.05.2018",12519.8,-3.19488817919223e-05
"805","04.05.2018",12493.3,-0.00211889049456056
"806","03.05.2018",12392.5,-0.00810104969631264
"807","02.05.2018",12418.1,0.00206363482422744
"808","01.05.2018",12493,0.00601340171287283
"809","30.04.2018",12515.4,0.00179139856930752
"810","27.04.2018",12594,0.0062606240475511
"811","26.04.2018",12582.9,-0.000881760718689746
"812","25.04.2018",12517.9,-0.00517912937382468
"813","24.04.2018",12514,-0.000311602397864808
"814","23.04.2018",12610.8,0.00770557210124233
"815","20.04.2018",12607.2,-0.000285510351689551
"816","19.04.2018",12671.5,0.00508729789718781
"817","18.04.2018",12732.8,0.00482596402756
"818","17.04.2018",12705.8,-0.0021227591250099
"819","16.04.2018",12628.2,-0.00612617373441836
"820","13.04.2018",12546,-0.00653051871649261
"821","12.04.2018",12580.2,0.00272225972255942
"822","11.04.2018",12514.6,-0.00522818667018253
"823","10.04.2018",12566,0.00409879125382668
"824","09.04.2018",12380.5,-0.0148720998177348
"825","06.04.2018",12349.1,-0.00253946823843624
"826","05.04.2018",12571.9,0.0178809787952015
"827","04.04.2018",12466.5,-0.00841911804073203
"828","03.04.2018",12367.1,-0.00800532591640855
"829","02.04.2018",12216.7,-0.0122358525888561
"830","29.03.2018",12452.1,0.0190854152117453
"831","28.03.2018",12308.9,-0.0115667054271871
"832","27.03.2018",12302.5,-0.000520084200351014
"833","26.03.2018",12433.2,0.0105678203055731
"834","23.03.2018",12177.7,-0.0207639037675835
"835","22.03.2018",12377.4,0.0162658187488944
"836","21.03.2018",12683.8,0.0244533596103433
"837","20.03.2018",12663.6,-0.00159385217231589
"838","19.03.2018",12651.5,-0.0009559512639854
"839","16.03.2018",12784.4,0.0104498924268916
"840","15.03.2018",12743.6,-0.00319649285018172
"841","14.03.2018",12762.7,0.001497669483236
"842","13.03.2018",12831.8,0.00539961068891423
"843","12.03.2018",12898.4,0.00517680769961063
"844","09.03.2018",12918.8,0.00158034211655153
"845","08.03.2018",12745,-0.0135445769558657
"846","07.03.2018",12707,-0.00298601510568141
"847","06.03.2018",12720.8,0.00108542629365266
"848","05.03.2018",12680.7,-0.00315729648339412
"849","02.03.2018",12558,-0.00972323984073832
"850","01.03.2018",12518.7,-0.0031343862768889
"851","28.02.2018",12652.5,0.0106312976910673
"852","27.02.2018",12819.2,0.0130892229432115
"853","26.02.2018",12999.6,0.0139745407080777
"854","23.02.2018",12884.1,-0.00892459475382195
"855","22.02.2018",12711.8,-0.0134632970584287
"856","21.02.2018",12695.5,-0.00128309597920839
"857","20.02.2018",12763.3,0.00532626520380727
"858","16.02.2018",12874.4,0.00866697835241492
"859","15.02.2018",12856.9,-0.00136021131448247
"860","14.02.2018",12746.7,-0.00860821763323238
"861","13.02.2018",12574.4,-0.0136094134446598
"862","12.02.2018",12560.1,-0.00113787833797611
"863","09.02.2018",12405.8,-0.0123610176024821
"864","08.02.2018",12270.7,-0.0109497983790167
"865","07.02.2018",12687.2,0.0333793043919556
"866","06.02.2018",12745.5,0.00458465692731461
"867","05.02.2018",12572.9,-0.0136345641014148
"868","02.02.2018",13085.3,0.0399457587068022
"869","01.02.2018",13382,0.0224210576256692
"870","31.01.2018",13368,-0.00104672906753266
"871","30.01.2018",13375.5,0.000560883967814162
"872","29.01.2018",13524.7,0.0110929680796074
"873","26.01.2018",13637,0.00826904353518264
"874","25.01.2018",13512.7,-0.00915670290982219
"875","24.01.2018",13507.7,-0.000370090750475193
"876","23.01.2018",13474.1,-0.00249056900341817
"877","22.01.2018",13470.4,-0.000274638610718841
"878","19.01.2018",13384.5,-0.0063973645750837
"879","18.01.2018",13315.9,-0.00513851110429017
"880","17.01.2018",13352.4,0.00273733404762947
"881","16.01.2018",13246.9,-0.00793258117487801
"882","12.01.2018",13294.3,0.00357180914151443
"883","11.01.2018",13210.8,-0.00630069505393371
"884","10.01.2018",13106.6,-0.00791875675429047
"885","09.01.2018",13120.8,0.0010828371388319
"886","08.01.2018",13114.3,-0.000495519371605211
"887","05.01.2018",13103.2,-0.000846762709124037
"888","04.01.2018",13028.5,-0.00571720963222945
"889","03.01.2018",12957.3,-0.00547992966741156
"890","02.01.2018",12902.7,-0.00422274409385986
"891","29.12.2017",12808.8,-0.00730415708682434
"892","28.12.2017",12853.1,0.00345259267677922
"893","27.12.2017",12822,-0.00242258181742146
"894","26.12.2017",12808.9,-0.00102220375723701
"895","22.12.2017",12797.4,-0.000898216514933951
"896","21.12.2017",12800.2,0.000218770510607965
"897","20.12.2017",12747.5,-0.00412562185632872
"898","19.12.2017",12747.5,0
"899","18.12.2017",12785.8,0.00300000616646605
"900","15.12.2017",12699.7,-0.00675680897534315
"901","14.12.2017",12629.1,-0.00557469622229676
"902","13.12.2017",12699.5,0.00555894769478376
"903","12.12.2017",12697.8,-0.000133872498457714
"904","11.12.2017",12668.2,-0.00233383374874938
"905","08.12.2017",12643.1,-0.0019833045499492
"906","07.12.2017",12569,-0.00587814687092686
"907","06.12.2017",12532.4,-0.00291617407295318
"908","05.12.2017",12567.2,0.00277295433384573
"909","04.12.2017",12634.9,0.00537258108209453
"910","01.12.2017",12614.6,-0.00160795297917386
"911","30.11.2017",12627.8,0.00104585944309604
"912","29.11.2017",12561.3,-0.00528007388092884
"913","28.11.2017",12520.2,-0.00327731888342378
"914","27.11.2017",12390.8,-0.0103890782284811
"915","24.11.2017",12421.9,0.00250678211447509
"916","22.11.2017",12390.8,-0.0025067821144752
"917","21.11.2017",12385.9,-0.000395532905018154
"918","20.11.2017",12320.8,-0.00526983778963909
"919","17.11.2017",12302.9,-0.0014538841159577
"920","16.11.2017",12303.3,3.25121310917283e-05
"921","15.11.2017",12220.3,-0.00676901571698094
"922","14.11.2017",12280.1,0.00488156264804349
"923","13.11.2017",12316.8,0.00298411809897459
"924","10.11.2017",12322.6,0.000470790693533746
"925","09.11.2017",12339.7,0.00138673219775226
"926","08.11.2017",12384.7,0.00364013279914695
"927","07.11.2017",12371.3,-0.00108256594835011
"928","06.11.2017",12400.9,0.00238977677293212
"929","03.11.2017",12373.1,-0.00224428930884514
"930","02.11.2017",12373,-8.08208162101146e-06
"931","01.11.2017",12362.9,-0.000816626891383874
"932","31.10.2017",12341,-0.00177299986940836
"933","30.10.2017",12319.5,-0.00174367960482684
"934","27.10.2017",12366.4,0.00379974450424993
"935","26.10.2017",12352.4,-0.00113274119269164
"936","25.10.2017",12336.6,-0.00127992240730399
"937","24.10.2017",12405,0.00552916337329054
"938","23.10.2017",12384.4,-0.0016620010764164
"939","20.10.2017",12430.5,0.00371551390772187
"940","19.10.2017",12380.3,-0.0040466303789458
"941","18.10.2017",12371,-0.000751475715429378
"942","17.10.2017",12350,-0.00169896080670839
"943","16.10.2017",12359.5,0.000768935062877257
"944","13.10.2017",12352,-0.00060700485444298
"945","12.10.2017",12338.7,-0.00107732881500905
"946","11.10.2017",12362.1,0.00189467604288951
"947","10.10.2017",12346.6,-0.00125461898304425
"948","09.10.2017",12294,-0.00426938304243897
"949","06.10.2017",12317.7,0.0019259138804358
"950","05.10.2017",12338.9,0.00171962113383061
"951","04.10.2017",12304.7,-0.00277557028646781
"952","03.10.2017",12302.9,-0.00014629626645515
"953","02.10.2017",12264.7,-0.0031097893799429
"954","29.09.2017",12209.2,-0.00453545165565813
"955","28.09.2017",12179.3,-0.00245197654471335
"956","27.09.2017",12157.7,-0.00177507545478949
"957","26.09.2017",12127.9,-0.00245413042762055
"958","25.09.2017",12141.6,0.00112898918026229
"959","22.09.2017",12151.8,0.000839734298153426
"960","21.09.2017",12133.6,-0.00149884320680224
"961","20.09.2017",12147.5,0.00114492354287076
"962","19.09.2017",12131.7,-0.00130152576941517
"963","18.09.2017",12111.5,-0.0016664470593564
"964","15.09.2017",12080.1,-0.00259594385104888
"965","14.09.2017",12062.6,-0.001449713831919
"966","13.09.2017",12055.2,-0.000613654664373929
"967","12.09.2017",12057.1,0.000157595916103577
"968","11.09.2017",12010.3,-0.00388908307398037
"969","08.09.2017",11888,-0.0102351269885275
"970","07.09.2017",11879.6,-0.000706844641422776
"971","06.09.2017",11872.9,-0.00056415115694767
"972","05.09.2017",11827.2,-0.00385652859191424
"973","01.09.2017",11918.1,0.00765628937404252
"974","31.08.2017",11875.7,-0.00356395740736293
"975","30.08.2017",11805.1,-0.0059626540633305
"976","29.08.2017",11791.9,-0.00111878640308959
"977","28.08.2017",11800.2,0.000703625395148075
"978","25.08.2017",11812,0.000999483401150013
"979","24.08.2017",11773.8,-0.00323924000048161
"980","23.08.2017",11785.9,0.00102717785573558
"981","22.08.2017",11805.3,0.00164468143825196
"982","21.08.2017",11719.3,-0.00731152777249916
"983","18.08.2017",11699.8,-0.00166530776217109
"984","17.08.2017",11712.7,0.00110197555198537
"985","16.08.2017",11868.8,0.0132393851206374
"986","15.08.2017",11843.5,-0.00213391443263499
"987","14.08.2017",11856.1,0.00106330918556931
"988","11.08.2017",11763.2,-0.00786648876694723
"989","10.08.2017",11771.6,0.000713836561746265
"990","09.08.2017",11929.5,0.0133244732222948
"991","08.08.2017",11950,0.00171695429435719
"992","07.08.2017",11987.8,0.00315818758771167
"993","04.08.2017",11984.9,-0.000241941876730314
"994","03.08.2017",11956.5,-0.00237246053455063
"995","02.08.2017",11979.4,0.00191344440667967
"996","01.08.2017",12000,0.0017181418273701
"997","31.07.2017",11967.7,-0.00269529571497726
"998","28.07.2017",11954.7,-0.00108684758048305
"999","27.07.2017",11963.2,0.000710764770974129
"1000","26.07.2017",11964.9,0.000142092351909278
"1001","25.07.2017",11965.7,6.68600035351423e-05
"1002","24.07.2017",11904.7,-0.00511094349365504
"1003","21.07.2017",11924.6,0.00167021310958405
"1004","20.07.2017",11944.5,0.00166742814858467
"1005","19.07.2017",11941.3,-0.000267941623822097
"1006","18.07.2017",11877.4,-0.00536554499630464
"1007","17.07.2017",11890.5,0.00110232719983785
"1008","14.07.2017",11897.3,0.000571721654396273
"1009","13.07.2017",11844.6,-0.0044394161000393
"1010","12.07.2017",11825.9,-0.00158002609918276
"1011","11.07.2017",11744.8,-0.00688145197524394
"1012","10.07.2017",11751.8,0.000595830903798063
"1013","07.07.2017",11753,0.000102106803805363
"1014","06.07.2017",11702.4,-0.00431457817779212
"1015","05.07.2017",11809.5,0.00911034333756948
"1016","03.07.2017",11835.7,0.00221609550543218
"1017","30.06.2017",11761.7,-0.00627189796979183
"1018","29.06.2017",11740,-0.00184667544618449
"1019","28.06.2017",11812.8,0.00618187492281364
"1020","27.06.2017",11716.9,-0.00815144528100025
"1021","26.06.2017",11758.9,0.00357815663885426
"1022","23.06.2017",11733.2,-0.00218797044560645
"1023","22.06.2017",11712.5,-0.00176578267047098
"1024","21.06.2017",11696.3,-0.00138409509126668
"1025","20.06.2017",11739,0.00364407942311111
"1026","19.06.2017",11833.3,0.00800095901149944
"1027","16.06.2017",11772,-0.00519376053665811
"1028","15.06.2017",11740.5,-0.00267942744036092
"1029","14.06.2017",11779.8,0.00334179721975578
"1030","13.06.2017",11796.8,0.00144210810262785
"1031","12.06.2017",11746.5,-0.00427298437628397
"1032","09.06.2017",11744.7,-0.000153248876474824
"1033","08.06.2017",11679,-0.00560971770406183
"1034","07.06.2017",11667.7,-0.000968016968770291
"1035","06.06.2017",11671.5,0.000325632415299446
"1036","05.06.2017",11693.7,0.00190026249981563
"1037","02.06.2017",11718.7,0.00213562125214237
"1038","01.06.2017",11699.8,-0.00161410885440344
"1039","31.05.2017",11598,-0.00873907818626317
"1040","30.05.2017",11601.3,0.000284491344329875
"1041","26.05.2017",11631.9,0.00263416298176526
"1042","25.05.2017",11639.3,0.000635979257573452
"1043","24.05.2017",11621.2,-0.00155628672240275
"1044","23.05.2017",11604.6,-0.00142944508491278
"1045","22.05.2017",11585.2,-0.00167314979221422
"1046","19.05.2017",11542.7,-0.00367521892070702
"1047","18.05.2017",11434.1,-0.00945308386842274
"1048","17.05.2017",11423.5,-0.000927481516857668
"1049","16.05.2017",11606.5,0.0158926488729641
"1050","15.05.2017",11614.2,0.000663201392053626
"1051","12.05.2017",11547,-0.00580282442769926
"1052","11.05.2017",11563.6,0.00143657047890004
"1053","10.05.2017",11599,0.00305665405112045
"1054","09.05.2017",11567.5,-0.0027194457007216
"1055","08.05.2017",11595.3,0.00240040179498743
"1056","05.05.2017",11615.6,0.00174917863382017
"1057","04.05.2017",11534.7,-0.00698913874265744
"1058","03.05.2017",11529.7,-0.000433568623361133
"1059","02.05.2017",11551.3,0.00187166988481138
"1060","01.05.2017",11536.5,-0.00128206256353657
"1061","28.04.2017",11536.1,-3.46731621091183e-05
"1062","27.04.2017",11578.5,0.00366868105490917
"1063","26.04.2017",11592.9,0.00124291168024327
"1064","25.04.2017",11603.9,0.000948406747872056
"1065","24.04.2017",11531.8,-0.00623281192367204
"1066","21.04.2017",11389.1,-0.0124516789245155
"1067","20.04.2017",11426.9,0.00331346726718515
"1068","19.04.2017",11342.4,-0.00742230880437821
"1069","18.04.2017",11378.6,0.00318648216453759
"1070","17.04.2017",11427.1,0.00425332904642208
"1071","13.04.2017",11324.5,-0.00901920704549793
"1072","12.04.2017",11423.2,0.00867785484987079
"1073","11.04.2017",11473.6,0.00440236901222501
"1074","10.04.2017",11464.3,-0.000810885086218883
"1075","07.04.2017",11445.6,-0.00163248238996723
"1076","06.04.2017",11457.3,0.00102170476383182
"1077","05.04.2017",11423.4,-0.00296319822427042
"1078","04.04.2017",11470.5,0.00411463896070368
"1079","03.04.2017",11463.9,-0.000575554641254588
"1080","31.03.2017",11492.8,0.00251778480940211
"1081","30.03.2017",11519.8,0.00234654166752823
"1082","29.03.2017",11496.7,-0.00200725633836358
"1083","28.03.2017",11493.8,-0.00025227811621169
"1084","27.03.2017",11414.3,-0.00694080427076492
"1085","24.03.2017",11418.9,0.00040292206630984
"1086","23.03.2017",11430.9,0.00105033751745828
"1087","22.03.2017",11426.7,-0.000367492654282711
"1088","21.03.2017",11420.4,-0.000551492325912365
"1089","20.03.2017",11556.9,0.0118814313071497
"1090","17.03.2017",11589,0.00277371116094327
"1091","16.03.2017",11600.2,0.000965966990744526
"1092","15.03.2017",11590.3,-0.000853797943244249
"1093","14.03.2017",11459.3,-0.0113669140031764
"1094","13.03.2017",11519.4,0.00523094318145008
"1095","10.03.2017",11500.8,-0.00161597241097979
"1096","09.03.2017",11457.6,-0.00376333289650975
"1097","08.03.2017",11448.2,-0.000820752868503241
"1098","07.03.2017",11506.3,0.0050621990521957
"1099","06.03.2017",11547.8,0.00360023118020185
"1100","03.03.2017",11598.4,0.00437221493004347
"1101","02.03.2017",11575.9,-0.00194180683514936
"1102","01.03.2017",11661.2,0.00734174084950865
"1103","28.02.2017",11512.4,-0.0128423762457764
"1104","27.02.2017",11558.3,0.00397907827343377
"1105","24.02.2017",11541.3,-0.00147188722481259
"1106","23.02.2017",11556.2,0.00129018309919639
"1107","22.02.2017",11550.2,-0.000519336645678692
"1108","21.02.2017",11578.3,0.00242990369684234
"1109","17.02.2017",11510.9,-0.0058382439793925
"1110","16.02.2017",11504.2,-0.000582226467776969
"1111","15.02.2017",11514.4,0.000886239881452968
"1112","14.02.2017",11468.9,-0.00395940177793623
"1113","13.02.2017",11433.9,-0.00305639723057648
"1114","10.02.2017",11377.7,-0.00492732764948809
"1115","09.02.2017",11327.7,-0.00440424575848856
"1116","08.02.2017",11251.8,-0.00672293769804008
"1117","07.02.2017",11243.4,-0.000746826024256225
"1118","06.02.2017",11264.1,0.00183938738964997
"1119","03.02.2017",11310.7,0.00412850312645992
"1120","02.02.2017",11215.4,-0.0084613464894552
"1121","01.02.2017",11207.2,-0.000731404954425484
"1122","31.01.2017",11223,0.00140881513435152
"1123","30.01.2017",11205.2,-0.00158728776604729
"1124","27.01.2017",11283.2,0.00693693751328805
"1125","26.01.2017",11313.1,0.00264645251221763
"1126","25.01.2017",11339,0.00228676469612578
"1127","24.01.2017",11249.3,-0.00794220649737865
"1128","23.01.2017",11170.6,-0.00702057754496718
"1129","20.01.2017",11192.8,0.00198538748958207
"1130","19.01.2017",11148.8,-0.00393884564100185
"1131","18.01.2017",11196.1,0.0042336345787253
"1132","17.01.2017",11196.3,1.78632035873908e-05
"1133","13.01.2017",11227.2,0.00275603893763754
"1134","12.01.2017",11204.2,-0.00205069750976522
"1135","11.01.2017",11226.8,0.00201506911392989
"1136","10.01.2017",11183.3,-0.00388218300084437
"1137","09.01.2017",11169.8,-0.0012078863013509
"1138","06.01.2017",11237.6,0.0060515907167065
"1139","05.01.2017",11247.7,0.000898364769807337
"1140","04.01.2017",11246.5,-0.000106694170154006
"1141","03.01.2017",11154.3,-0.00823189534780805
"1142","30.12.2016",11056.9,-0.00877040631153806
"1143","29.12.2016",11074.3,0.0015724410411751
"1144","28.12.2016",11058.9,-0.00139157487260309
"1145","27.12.2016",11146.4,0.00788104217380261
"1146","23.12.2016",11128.8,-0.0015802330540213
"1147","22.12.2016",11114.1,-0.00132177028536452
"1148","21.12.2016",11142.6,0.00256102796706627
"1149","20.12.2016",11172.2,0.00265294937536913
"1150","19.12.2016",11128.5,-0.00391916450474129
"1151","16.12.2016",11125.2,-0.00029657989675315
"1152","15.12.2016",11131.9,0.000602055092745899
"1153","14.12.2016",11098.7,-0.00298687616911968
"1154","13.12.2016",11237.2,0.0124017187697044
"1155","12.12.2016",11177.3,-0.0053447672350098
"1156","09.12.2016",11191.8,0.00129643141931397
"1157","08.12.2016",11150,-0.00374186939030707
"1158","07.12.2016",11114.6,-0.00317993854193845
"1159","06.12.2016",10970.8,-0.013022361573773
"1160","05.12.2016",10910.9,-0.00547490822223472
"1161","02.12.2016",10838.6,-0.00664845318894045
"1162","01.12.2016",10829,-0.000886115732998736
"1163","30.11.2016",10838.5,0.000876889406598872
"1164","29.11.2016",10817.7,-0.00192092854664633
"1165","28.11.2016",10808.6,-0.000841567955413483
"1166","25.11.2016",10878.1,0.00640948027406933
"1167","23.11.2016",10835.9,-0.00388689814218544
"1168","22.11.2016",10820.2,-0.00144993814680709
"1169","21.11.2016",10791.8,-0.00262817104823577
"1170","18.11.2016",10709.5,-0.00765538845856228
"1171","17.11.2016",10740.1,0.00285320199527644
"1172","16.11.2016",10699.4,-0.00379673489507948
"1173","15.11.2016",10745.5,0.00429939715386686
"1174","14.11.2016",10679.8,-0.00613295551818003
"1175","11.11.2016",10652.2,-0.00258766317277311
"1176","10.11.2016",10683.4,0.00292469133653867
"1177","09.11.2016",10643.4,-0.00375115318789718
"1178","08.11.2016",10530.6,-0.0106546771612494
"1179","07.11.2016",10500.2,-0.00289099997844062
"1180","04.11.2016",10289.3,-0.0202897842800036
"1181","03.11.2016",10307.6,0.00177696690427759
"1182","02.11.2016",10334.5,0.00260632544435775
"1183","01.11.2016",10414,0.00766324207095378
"1184","31.10.2016",10481.9,0.00649890542966865
"1185","28.10.2016",10476.6,-0.000505761396376178
"1186","27.10.2016",10503.1,0.00252625291052594
"1187","26.10.2016",10528.2,0.00238691967848216
"1188","25.10.2016",10550.2,0.00208744572535102
"1189","24.10.2016",10591.3,0.00388809230911774
"1190","21.10.2016",10571.9,-0.00183337164833505
"1191","20.10.2016",10589.2,0.00163507604559859
"1192","19.10.2016",10600.9,0.00110428937937702
"1193","18.10.2016",10567.8,-0.0031272611899494
"1194","17.10.2016",10492.9,-0.00711280401677194
"1195","14.10.2016",10521.3,0.00270293585199898
"1196","13.10.2016",10522.9,0.000152060900683566
"1197","12.10.2016",10560.3,0.00354785224541544
"1198","11.10.2016",10548,-0.0011654184744536
"1199","10.10.2016",10682.7,0.012689342078965
"1200","07.10.2016",10626.9,-0.00523708821713452
"1201","06.10.2016",10675.7,0.00458160838244365
"1202","05.10.2016",10683.9,0.000767804678256088
"1203","04.10.2016",10629.2,-0.00513300459357959
"1204","03.10.2016",10690.8,0.00577862771247025
"1205","30.09.2016",10721.7,0.00288616662693666
"1206","29.09.2016",10643.5,-0.00732034796880223
"1207","28.09.2016",10753.5,0.010281905788304
"1208","27.09.2016",10665.3,-0.00823580205599177
"1209","26.09.2016",10624.9,-0.00379517792142412
"1210","23.09.2016",10718,0.00872426807117484
"1211","22.09.2016",10793.7,0.00703805951909929
"1212","21.09.2016",10708.4,-0.00793415038292928
"1213","20.09.2016",10560.3,-0.0139267932433347
"1214","19.09.2016",10564.3,0.000378705400131242
"1215","16.09.2016",10532.3,-0.00303366651893509
"1216","15.09.2016",10602.9,0.00668082275946603
"1217","14.09.2016",10511.4,-0.00866716611846164
"1218","13.09.2016",10535.4,0.00228063272350851
"1219","12.09.2016",10741.2,0.0193457994715538
"1220","09.09.2016",10613.5,-0.0119600389803951
"1221","08.09.2016",10882.3,0.0250108404430487
"1222","07.09.2016",10890.2,0.000725686103726555
"1223","06.09.2016",10890.8,5.50938891832396e-05
"1224","02.09.2016",10856.9,-0.00311757357853183
"1225","01.09.2016",10771.9,-0.00785993098067055
"1226","31.08.2016",10764.8,-0.000659339662735192
"1227","30.08.2016",10797.5,0.00303307393633674
"1228","29.08.2016",10811.3,0.00127725758728795
"1229","26.08.2016",10749.3,-0.00575124726556211
"1230","25.08.2016",10784.4,0.00326000929574598
"1231","24.08.2016",10791.2,0.000630341703141971
"1232","23.08.2016",10847.5,0.00520365151703586
"1233","22.08.2016",10815.9,-0.00291736499463111
"1234","19.08.2016",10829.2,0.00122891570598826
"1235","18.08.2016",10863,0.00311633004988797
"1236","17.08.2016",10824.6,-0.00354119774693851
"1237","16.08.2016",10809.7,-0.00137744252006056
"1238","15.08.2016",10858.5,0.00450430423455396
"1239","12.08.2016",10822.4,-0.00333012313709942
"1240","11.08.2016",10836.2,0.00127432076565229
"1241","10.08.2016",10775,-0.00566374505791017
"1242","09.08.2016",10804.5,0.00273407802557877
"1243","08.08.2016",10788,-0.00152830873790676
"1244","05.08.2016",10782.9,-0.000472859277547849
"1245","04.08.2016",10707.1,-0.00705447318309851
"1246","03.08.2016",10695.1,-0.00112138016255273
"1247","02.08.2016",10661.1,-0.00318408974682198
"1248","01.08.2016",10730.2,0.00646059289041876
"1249","29.07.2016",10785.5,0.00514044365475323
"1250","28.07.2016",10744.2,-0.00383656536400259
"1251","27.07.2016",10739.8,-0.000409607155233652
"1252","26.07.2016",10773,0.00308653697865729
"1253","25.07.2016",10752.4,-0.00191401844230086
"1254","22.07.2016",10805,0.00488000448909465
"1255","21.07.2016",10758.6,-0.00430355521461315
"1256","20.07.2016",10793.1,0.00320160632057402
"1257","19.07.2016",10758.5,-0.00321090125344156
"1258","18.07.2016",10793.2,0.00322016638919897
"1259","15.07.2016",10773.1,-0.00186401986617132
"1260","14.07.2016",10786.6,0.00125233669896986
"1261","13.07.2016",10734.2,-0.0048697170692281
"1262","12.07.2016",10726.8,-0.000689623064468221
"1263","11.07.2016",10627.2,-0.00932853069937961
"1264","08.07.2016",10571.8,-0.00522667353352334
"1265","07.07.2016",10414,-0.0150390239260598
"1266","06.07.2016",10441.6,0.00264677267615718
"1267","05.07.2016",10409.5,-0.00307897668317323
"1268","01.07.2016",10515.8,0.0101600373148214
"1269","30.06.2016",10489.8,-0.00247553159899147
"1270","29.06.2016",10350.5,-0.0133685287262499
"1271","28.06.2016",10161.2,-0.0184582823111796
"1272","27.06.2016",9973.5,-0.0186449698836094
"1273","24.06.2016",10183.5,0.020837187899192
"1274","23.06.2016",10641.2,0.0439644960813048
"1275","22.06.2016",10473.1,-0.0159231944010998
"1276","21.06.2016",10490.8,0.00168861750016515
"1277","20.06.2016",10450,-0.00389670419722446
"1278","17.06.2016",10347.9,-0.00981837783686222
"1279","16.06.2016",10322.8,-0.00242855949110991
"1280","15.06.2016",10297.2,-0.00248302746390924
"1281","14.06.2016",10294.6,-0.000252527706545076
"1282","13.06.2016",10349.2,0.00528973612560611
"1283","10.06.2016",10446.1,0.00931948097259904
"1284","09.06.2016",10589.8,0.0136625706831132
"1285","08.06.2016",10638.4,0.00457882297234157
"1286","07.06.2016",10599.2,-0.00369157009427696
"1287","06.06.2016",10554.8,-0.00419779381671851
"1288","03.06.2016",10487.9,-0.00635852104544584
"1289","02.06.2016",10487.6,-2.86048008409971e-05
"1290","01.06.2016",10454.9,-0.00312283887544761
"1291","31.05.2016",10441,-0.00133040472535019
"1292","27.05.2016",10469.5,0.00272590494226093
"1293","26.05.2016",10439.6,-0.00286000070599344
"1294","25.05.2016",10446.6,0.000670299074230019
"1295","24.05.2016",10353.6,-0.00894228129760615
"1296","23.05.2016",10226.6,-0.012342116415991
"1297","20.05.2016",10250.5,0.00233431597761904
"1298","19.05.2016",10192.5,-0.0056743291712213
"1299","18.05.2016",10239.7,0.00462016659592863
"1300","17.05.2016",10257.6,0.00174657194365587
"1301","16.05.2016",10332.5,0.00727537315289441
"1302","13.05.2016",10228.1,-0.010155432940087
"1303","12.05.2016",10334.4,0.0103393018324077
"1304","11.05.2016",10332.2,-0.000212903913397357
"1305","10.05.2016",10424.1,0.00885520064020996
"1306","09.05.2016",10291.6,-0.0127924044966263
"1307","06.05.2016",10308.8,0.00166987087598327
"1308","05.05.2016",10281.3,-0.00267118822653655
"1309","04.05.2016",10286.2,0.000476479892325824
"1310","03.05.2016",10365.8,0.00770873466809243
"1311","02.05.2016",10496.3,0.0125108883742169
"1312","29.04.2016",10436.9,-0.0056752106156336
"1313","28.04.2016",10480.5,0.00416878418377204
"1314","27.04.2016",10571.8,0.00867369098828907
"1315","26.04.2016",10522.6,-0.00466475360433702
"1316","25.04.2016",10465.7,-0.00542208176937158
"1317","22.04.2016",10511,0.00431908454815898
"1318","21.04.2016",10454.8,-0.00536112474665446
"1319","20.04.2016",10527.8,0.00695817434746762
"1320","19.04.2016",10517.3,-0.000997857066134502
"1321","18.04.2016",10424.9,-0.00882434506317659
"1322","15.04.2016",10355.6,-0.00666973912110955
"1323","14.04.2016",10360.2,0.000444105472692899
"1324","13.04.2016",10359.5,-6.75685459023766e-05
"1325","12.04.2016",10238.7,-0.0117293146912684
"1326","11.04.2016",10114.6,-0.0121947338192128
"1327","08.04.2016",10119.7,0.000504094543225926
"1328","07.04.2016",10045.2,-0.00738911067927081
"1329","06.04.2016",10159.8,0.0113438484453387
"1330","05.04.2016",10061.1,-0.00976225428685035
"1331","04.04.2016",10183,0.0120431605591659
"1332","01.04.2016",10220,0.00362692158602989
"1333","31.03.2016",10207.4,-0.00123363733005228
"1334","30.03.2016",10237,0.00289566049212769
"1335","29.03.2016",10190.4,-0.00456250730266944
"1336","28.03.2016",10106.4,-0.00827721410127363
"1337","24.03.2016",10086.6,-0.00196107624875967
"1338","23.03.2016",10099.7,0.00129791015084385
"1339","22.03.2016",10194.2,0.00931321067356898
"1340","21.03.2016",10219.7,0.002498299027935
"1341","18.03.2016",10223.4,0.000361980329832557
"1342","17.03.2016",10190.4,-0.00323310983214716
"1343","16.03.2016",10084.2,-0.0104762581065254
"1344","15.03.2016",10013.6,-0.0070256734967621
"1345","14.03.2016",10074.3,0.00604345747911024
"1346","11.03.2016",10104.2,0.00296355248243601
"1347","10.03.2016",9918.1,-0.0185898082991514
"1348","09.03.2016",9924.8,0.000675304542644308
"1349","08.03.2016",9868.5,-0.00568880902469072
"1350","07.03.2016",10006.2,0.0138570346614263
"1351","04.03.2016",9968.4,-0.00378481122256244
"1352","03.03.2016",9908,-0.00607757802377593
"1353","02.03.2016",9837.6,-0.00713073275101264
"1354","01.03.2016",9771,-0.00679296391389436
"1355","29.02.2016",9559.5,-0.0218833905218847
"1356","26.02.2016",9619.8,0.00628805000038818
"1357","25.02.2016",9625.3,0.000571574078569295
"1358","24.02.2016",9506.1,-0.0124613507110061
"1359","23.02.2016",9494.3,-0.00124207927380994
"1360","22.02.2016",9616.3,0.0127679567750691
"1361","19.02.2016",9486,-0.0136425478541419
"1362","18.02.2016",9505,0.00200094848500255
"1363","17.02.2016",9532.3,0.00286805573411808
"1364","16.02.2016",9375.4,-0.0165967940615658
"1365","12.02.2016",9229.7,-0.0156626923349675
"1366","11.02.2016",9029.9,-0.0218852521075234
"1367","10.02.2016",9176.7,0.0161263697103723
"1368","09.02.2016",9187.8,0.00120885418625372
"1369","08.02.2016",9231.3,0.00472336660036759
"1370","05.02.2016",9390.3,0.0170773579241584
"1371","04.02.2016",9534.3,0.0152185810269991
"1372","03.02.2016",9495.2,-0.00410941485844661
"1373","02.02.2016",9413.8,-0.00860970996120858
"1374","01.02.2016",9616.7,0.021324472685548
"1375","29.01.2016",9632.7,0.00166238985991464
"1376","28.01.2016",9397.8,-0.0246879410138781
"1377","27.01.2016",9373.8,-0.00255705566675896
"1378","26.01.2016",9429.1,0.00588208834206051
"1379","25.01.2016",9263,-0.0177726817339454
"1380","22.01.2016",9426.9,0.0175393342572819
"1381","21.01.2016",9226.6,-0.0214766879074428
"1382","20.01.2016",9156.8,-0.00759384394902892
"1383","19.01.2016",9301.7,0.0157004064803364
"1384","15.01.2016",9299.6,-0.000225790671503815
"1385","14.01.2016",9516.5,0.0230557456641685
"1386","13.01.2016",9374.2,-0.0150658992636564
"1387","12.01.2016",9576.5,0.0213509458785336
"1388","11.01.2016",9527.7,-0.00510883534937462
"1389","08.01.2016",9528.8,0.000115446173349876
"1390","07.01.2016",9650.4,0.0126805736844829
"1391","06.01.2016",9868.3,0.0223282342330853
"1392","05.01.2016",10028.1,0.016063552822385
"1393","04.01.2016",10001.6,-0.00264607212909634
"1394","31.12.2015",10143.4,0.0140781674851474
"1395","30.12.2015",10225.8,0.00809069079655064
"1396","29.12.2015",10306.6,0.00787052824777909
"1397","28.12.2015",10217.4,-0.00869231744641114
"1398","24.12.2015",10258.5,0.00401448094564656
"1399","23.12.2015",10276.3,0.00173364283637372
"1400","22.12.2015",10112.4,-0.0160778794763262
"1401","21.12.2015",10023,-0.00887994154144168
"1402","18.12.2015",9967.6,-0.00554261921371297
"1403","17.12.2015",10112.6,0.0144423382582457
"1404","16.12.2015",10267.8,0.0152306137420621
"1405","15.12.2015",10110.9,-0.0153987349875444
"1406","14.12.2015",9986.8,-0.0123498288151498
"1407","11.12.2015",9976.7,-0.00101184670641173
"1408","10.12.2015",10172,0.0193864732396552
"1409","09.12.2015",10162.4,-0.000944212832759365
"1410","08.12.2015",10198.4,0.00353621051376625
"1411","07.12.2015",10304.5,0.0103498477885458
"1412","04.12.2015",10408.9,0.0100805163869529
"1413","03.12.2015",10257.4,-0.014661813093869
"1414","02.12.2015",10389.2,0.0127674087115879
"1415","01.12.2015",10519.6,0.0124733787388923
"1416","30.11.2015",10409.6,-0.0105117264760948
"1417","27.11.2015",10450.5,0.00392136685925087
"1418","25.11.2015",10450.4,-9.568965929771e-06
"1419","24.11.2015",10449.7,-6.69853254539794e-05
"1420","23.11.2015",10421.4,-0.00271188555887756
"1421","20.11.2015",10444.2,0.00218541609869682
"1422","19.11.2015",10431.5,-0.00121672581678991
"1423","18.11.2015",10429.6,-0.000182157221359705
"1424","17.11.2015",10285.8,-0.0138836141070787
"1425","16.11.2015",10299.4,0.00132133785231387
"1426","13.11.2015",10155.1,-0.0141095987619744
"1427","12.11.2015",10236,0.00793487594784964
"1428","11.11.2015",10399.9,0.0158852724189411
"1429","10.11.2015",10432.3,0.00311057172303146
"1430","09.11.2015",10415.2,-0.00164048483846453
"1431","06.11.2015",10513.4,0.0093843563997172
"1432","05.11.2015",10548.4,0.00332355565218162
"1433","04.11.2015",10564,0.00147780478193667
"1434","03.11.2015",10609.9,0.00433553307590161
"1435","02.11.2015",10579.9,-0.00283155292114391
"1436","30.10.2015",10461,-0.0113019182280198
"1437","29.10.2015",10498.2,0.00354975753486838
"1438","28.10.2015",10538.2,0.0038029366438882
"1439","27.10.2015",10400.2,-0.0131817138087314
"1440","26.10.2015",10464.6,0.00617309578889195
"1441","23.10.2015",10506.5,0.00399598073104767
"1442","22.10.2015",10448.8,-0.0055069739704141
"1443","21.10.2015",10306.4,-0.0137220777859964
"1444","20.10.2015",10383.4,0.00744331559530936
"1445","19.10.2015",10391.6,0.000789410389971901
"1446","16.10.2015",10421.9,0.00291157387321532
"1447","15.10.2015",10378.3,-0.00419227352202257
"1448","14.10.2015",10229.7,-0.0144218338113145
"1449","13.10.2015",10262.9,0.00324019685612202
"1450","12.10.2015",10356.5,0.00907889103698123
"1451","09.10.2015",10361.3,0.000463369671092899
"1452","08.10.2015",10361,-2.89543149187723e-05
"1453","07.10.2015",10258.5,-0.0099421270454913
"1454","06.10.2015",10156.4,-0.0100025815724073
"1455","05.10.2015",10167.9,0.00113165041130792
"1456","02.10.2015",9973.6,-0.0192940970143958
"1457","01.10.2015",9821,-0.015418651872991
"1458","30.09.2015",9799.7,-0.00217117721257313
"1459","29.09.2015",9622.1,-0.0182892368900879
"1460","28.09.2015",9601.4,-0.00215361489849912
"1461","25.09.2015",9857.3,0.0263033762693817
"1462","24.09.2015",9837.8,-0.00198018861258519
"1463","23.09.2015",9867.9,0.00305495601878241
"1464","22.09.2015",9912.6,0.00451961033240765
"1465","21.09.2015",10066.1,0.0153666675551026
"1466","18.09.2015",10031.6,-0.0034332320502202
"1467","17.09.2015",10215.5,0.0181660640103837
"1468","16.09.2015",10236.7,0.00207312734990667
"1469","15.09.2015",10105.9,-0.0128598903386911
"1470","14.09.2015",9988.6,-0.01167496900917
"1471","11.09.2015",10040.2,0.00515259168412628
"1472","10.09.2015",10019.4,-0.00207382075959675
"1473","09.09.2015",9988.9,-0.00304873713651585
"1474","08.09.2015",10109.7,0.0120208825138171
"1475","04.09.2015",9871.9,-0.0238030215495228
"1476","03.09.2015",10049.3,0.0178106428859129
"1477","02.09.2015",10013.4,-0.00357878434272086
"1478","01.09.2015",9874.7,-0.0139482654163988
"1479","31.08.2015",10176.5,0.0301052100319203
"1480","28.08.2015",10242.1,0.00642553609992099
"1481","27.08.2015",10230.5,-0.00113322208624079
"1482","26.08.2015",9979.7,-0.0248204248731591
"1483","25.08.2015",9692.4,-0.0292109564972039
"1484","24.08.2015",9789.9,0.0100091687315402
"1485","21.08.2015",10195.7,0.0406148207920851
"1486","20.08.2015",10475.8,0.0271017724292813
"1487","19.08.2015",10687,0.0199602143357393
"1488","18.08.2015",10792.8,0.00985119559971064
"1489","17.08.2015",10818.6,0.00238762988577041
"1490","14.08.2015",10782.2,-0.00337024873655997
"1491","13.08.2015",10745.3,-0.00342817662418851
"1492","12.08.2015",10779.5,0.00317773254843262
"1493","11.08.2015",10802.1,0.00209437745682283
"1494","10.08.2015",10906,0.00957253683112219
"1495","07.08.2015",10763.2,-0.0131801882146655
"1496","06.08.2015",10799.4,0.00335766874214703
"1497","05.08.2015",10847.8,0.00447171741856151
"1498","04.08.2015",10824.7,-0.00213173457125483
"1499","03.08.2015",10841.3,0.00153235514153245
"1500","31.07.2015",10882.3,0.00377470112521993
"1501","30.07.2015",10881.8,-4.59472250254246e-05
"1502","29.07.2015",10883.9,0.000192964159803432
"1503","28.07.2015",10790.2,-0.00864631830074223
"1504","27.07.2015",10656.6,-0.012458896260247
"1505","24.07.2015",10722,0.00611828688614686
"1506","23.07.2015",10840.7,0.0110098641669934
"1507","22.07.2015",10899.9,0.00544604530874769
"1508","21.07.2015",10919,0.00175077615084216
"1509","20.07.2015",10969.5,0.00461430336504934
"1510","17.07.2015",10987.2,0.00161226448729643
"1511","16.07.2015",11024.9,0.00342539211271465
"1512","15.07.2015",10958.8,-0.00601356452257885
"1513","14.07.2015",10993.3,0.00314320984364404
"1514","13.07.2015",10944.8,-0.00442153869428759
"1515","10.07.2015",10853.9,-0.00833999521828871
"1516","09.07.2015",10689.5,-0.015262511147153
"1517","08.07.2015",10636.8,-0.00494226445944305
"1518","07.07.2015",10829.3,0.0179357368526759
"1519","06.07.2015",10782.7,-0.00431242570964152
"1520","02.07.2015",10864.8,0.00758520786580449
"1521","01.07.2015",10859,-0.000533976572957985
"1522","30.06.2015",10805.2,-0.00496672949812335
"1523","29.06.2015",10790.3,-0.00137991733132814
"1524","26.06.2015",11040.3,0.0229046319874767
"1525","25.06.2015",11035.7,-0.000416742169466688
"1526","24.06.2015",11066.1,0.00275090890072272
"1527","23.06.2015",11149.4,0.00749930367499114
"1528","22.06.2015",11129.6,-0.00177745906126343
"1529","19.06.2015",11039,-0.0081737687015575
"1530","18.06.2015",11100.5,0.00555569531262137
"1531","17.06.2015",11013.7,-0.00785019994015886
"1532","16.06.2015",10997.7,-0.00145379238194898
"1533","15.06.2015",10949.5,-0.00439236690722027
"1534","12.06.2015",11009.9,0.00550107492169894
"1535","11.06.2015",11080.5,0.00639193861355847
"1536","10.06.2015",11058,-0.00203265873902383
"1537","09.06.2015",10915.6,-0.0129611892001797
"1538","08.06.2015",10917.8,0.000201526102892287
"1539","05.06.2015",10979.3,0.00561719695380074
"1540","04.06.2015",11000.4,0.00191995400133841
"1541","03.06.2015",11107.9,0.00972493110973119
"1542","02.06.2015",11080.9,-0.00243366142613313
"1543","01.06.2015",11061.7,-0.00173421412227985
"1544","29.05.2015",11056.3,-0.000488290090179371
"1545","28.05.2015",11132.7,0.0068863222241853
"1546","27.05.2015",11143.3,0.000951696965348995
"1547","26.05.2015",11065.3,-0.00702433478184583
"1548","22.05.2015",11197.7,0.011894314417106
"1549","21.05.2015",11239.7,0.00374375364836462
"1550","20.05.2015",11210.2,-0.0026280755797726
"1551","19.05.2015",11213.2,0.000267577621404409
"1552","18.05.2015",11227.9,0.00131009639478731
"1553","15.05.2015",11228.3,3.56249053751471e-05
"1554","14.05.2015",11207.3,-0.00187202536440637
"1555","13.05.2015",11117,-0.008089883443801
"1556","12.05.2015",11113.2,-0.000341877269391264
"1557","11.05.2015",11140.7,0.00247147816768898
"1558","08.05.2015",11196.5,0.00499616031297336
"1559","07.05.2015",11036.4,-0.0144023287482338
"1560","06.05.2015",11016,-0.00185013928816137
"1561","05.05.2015",11049.3,0.00301831611452283
"1562","04.05.2015",11173.3,0.0111599261068899
"1563","01.05.2015",11140.4,-0.00294886315052768
"1564","30.04.2015",11049.7,-0.00817486222329331
"1565","29.04.2015",11154.1,0.00940386504680846
"1566","28.04.2015",11203.1,0.00438338239648173
"1567","27.04.2015",11167.3,-0.00320066074472933
"1568","24.04.2015",11192.9,0.00228978373943882
"1569","23.04.2015",11191.5,-0.000125087114403331
"1570","22.04.2015",11144.5,-0.00420845893343106
"1571","21.04.2015",11100.4,-0.00396495895906846
"1572","20.04.2015",11116.6,0.00145834296899958
"1573","17.04.2015",11058.5,-0.00524012364740278
"1574","16.04.2015",11169.8,0.0100143447912177
"1575","15.04.2015",11171.1,0.000116378480855095
"1576","14.04.2015",11108.1,-0.00565551437397528
"1577","13.04.2015",11056.8,-0.00462894861705672
"1578","10.04.2015",11112.7,0.00504297512066698
"1579","09.04.2015",11065.4,-0.0042654755561363
"1580","08.04.2015",11033,-0.00293234109404135
"1581","07.04.2015",11013.2,-0.00179622840431632
"1582","06.04.2015",11033.1,0.00180529208117826
"1583","02.04.2015",10953.2,-0.00726819444264269
"1584","01.04.2015",10891.6,-0.00563980107647367
"1585","31.03.2015",10899.2,0.000697542110262818
"1586","30.03.2015",10989.2,0.00822358027119135
"1587","27.03.2015",10875.1,-0.0104371999825996
"1588","26.03.2015",10865.2,-0.000910751064549313
"1589","25.03.2015",10897.5,0.00296838386019075
"1590","24.03.2015",11019.8,0.0111602496093393
"1591","23.03.2015",11070.9,0.00462638948907184
"1592","20.03.2015",11070.5,-3.61314099418484e-05
"1593","19.03.2015",10931.4,-0.0126445310013226
"1594","18.03.2015",11019.7,0.00804519830616235
"1595","17.03.2015",10862.4,-0.0143772955584741
"1596","16.03.2015",10881.2,0.00172924489824916
"1597","13.03.2015",10751,-0.0120377559604037
"1598","12.03.2015",10820.9,0.00648067575363562
"1599","11.03.2015",10678.8,-0.0132189815880468
"1600","10.03.2015",10678.4,-3.74580937619126e-05
"1601","09.03.2015",10866.6,0.0174708551414904
"1602","06.03.2015",10842.2,-0.00224793726736465
"1603","05.03.2015",11014.3,0.0157485010809471
"1604","04.03.2015",11004.7,-0.000871974259346044
"1605","03.03.2015",11051.2,0.00421656508192688
"1606","02.03.2015",11102.8,0.00465830940771907
"1607","27.02.2015",11062.8,-0.00360920014987877
"1608","26.02.2015",11082.1,0.00174306543597506
"1609","25.02.2015",11117.9,0.00322522802098305
"1610","24.02.2015",11122.1,0.000377697846216852
"1611","23.02.2015",11074.6,-0.00427992201612567
"1612","20.02.2015",11108.7,0.00307438720650414
"1613","19.02.2015",11038.3,-0.006357541619248
"1614","18.02.2015",11064.1,0.00233458915938181
"1615","17.02.2015",11054.5,-0.000868047760961861
"1616","13.02.2015",11042.7,-0.00106800871799419
"1617","12.02.2015",10995.3,-0.00430166740104651
"1618","11.02.2015",10889,-0.00971480340017247
"1619","10.02.2015",10915.1,0.00239404630009218
"1620","09.02.2015",10826.6,-0.00814108269307484
"1621","06.02.2015",10847.5,0.00192856971942736
"1622","05.02.2015",10896.1,0.00447028835455567
"1623","04.02.2015",10775,-0.011176291055113
"1624","03.02.2015",10847.4,0.00669678394407519
"1625","02.02.2015",10669,-0.0165830797245625
"1626","30.01.2015",10537.2,-0.0124304870375111
"1627","29.01.2015",10691.6,0.0145465332565226
"1628","28.01.2015",10603.9,-0.00823652844964464
"1629","27.01.2015",10781.8,0.0166376694445005
"1630","26.01.2015",10847.2,0.00604745474277057
"1631","23.01.2015",10788.3,-0.00544476859882608
"1632","22.01.2015",10859.3,0.00655964213931385
"1633","21.01.2015",10720.4,-0.0128733873270873
"1634","20.01.2015",10658.6,-0.00578139034902913
"1635","16.01.2015",10660.3,0.000159482900487675
"1636","15.01.2015",10514.6,-0.0137617933936924
"1637","14.01.2015",10565.4,0.00481974367552136
"1638","13.01.2015",10623,0.00543695058522612
"1639","12.01.2015",10640.7,0.00166480942527369
"1640","09.01.2015",10711.4,0.00662232364777773
"1641","08.01.2015",10800.5,0.00828383448390213
"1642","07.01.2015",10627.1,-0.0161850870151325
"1643","06.01.2015",10514.9,-0.0106140434537471
"1644","05.01.2015",10607.7,0.00878685361466781
"1645","02.01.2015",10830.9,0.0208230075525348
"1646","31.12.2014",10839.2,0.00076603249693121
"1647","30.12.2014",10933,0.00861654590226327
"1648","29.12.2014",10988,0.00501802978067971
"1649","26.12.2014",10985.4,-0.000236649768550559
"1650","24.12.2014",10955.1,-0.00276201720676945
"1651","23.12.2014",10951.8,-0.000301274943051048
"1652","22.12.2014",10920,-0.00290785599789742
"1653","19.12.2014",10890.2,-0.00273266806762213
"1654","18.12.2014",10831.6,-0.00539551438292018
"1655","17.12.2014",10603.5,-0.0212836525692352
"1656","16.12.2014",10390,-0.0203403301858453
"1657","15.12.2014",10411.2,0.00203834464744657
"1658","12.12.2014",10500.5,0.0085407253187632
"1659","11.12.2014",10690.1,0.0178952044528051
"1660","10.12.2014",10662.2,-0.00261330309879907
"1661","09.12.2014",10847.4,0.0172206435025349
"1662","08.12.2014",10863.5,0.00148312625927204
"1663","05.12.2014",10970.3,0.00978307503089691
"1664","04.12.2014",10952.3,-0.00164214135594705
"1665","03.12.2014",10987.4,0.00319968185034788
"1666","02.12.2014",10940.1,-0.00431422399857355
"1667","01.12.2014",10888.4,-0.00473693535265785
"1668","28.11.2014",10955.4,0.00613448302137981
"1669","26.11.2014",11047.9,0.00840787926540116
"1670","25.11.2014",11029.4,-0.00167592996699254
"1671","24.11.2014",11041.4,0.00108740971622773
"1672","21.11.2014",11025.7,-0.00142293302237551
"1673","20.11.2014",10938,-0.00798594645628503
"1674","19.11.2014",10927.5,-0.000960417169248472
"1675","18.11.2014",10941.7,0.00129863021926932
"1676","17.11.2014",10883.3,-0.0053516737120982
"1677","14.11.2014",10880.6,-0.000248117296426666
"1678","13.11.2014",10868.9,-0.00107588690577669
"1679","12.11.2014",10884,0.00138832086069967
"1680","11.11.2014",10907.5,0.0021568050946277
"1681","10.11.2014",10892.6,-0.0013669664194361
"1682","07.11.2014",10864.6,-0.00257386202799859
"1683","06.11.2014",10843.5,-0.00194397544186856
"1684","05.11.2014",10824.1,-0.00179069257176333
"1685","04.11.2014",10758.1,-0.00611617033864385
"1686","03.11.2014",10808.7,0.00469240618407764
"1687","31.10.2014",10845,0.00335277887884276
"1688","30.10.2014",10712.2,-0.012320865414522
"1689","29.10.2014",10646.7,-0.00613329388007804
"1690","28.10.2014",10677.9,0.00292620000026984
"1691","27.10.2014",10544.4,-0.0125812716768466
"1692","24.10.2014",10582.6,0.00361622962359192
"1693","23.10.2014",10519.3,-0.00599947775952215
"1694","22.10.2014",10405.8,-0.0108483221692725
"1695","21.10.2014",10500.8,0.00908810173486328
"1696","20.10.2014",10327.3,-0.0166605704070574
"1697","17.10.2014",10250.5,-0.00746438944777104
"1698","16.10.2014",10123.7,-0.0124472751949698
"1699","15.10.2014",10109.7,-0.00138385068591703
"1700","14.10.2014",10185.9,0.00750905201618936
"1701","13.10.2014",10166.7,-0.00188673738938943
"1702","10.10.2014",10293.1,0.0123560942093455
"1703","09.10.2014",10409.4,0.0112354762404486
"1704","08.10.2014",10645.7,0.0224468106773421
"1705","07.10.2014",10484.5,-0.0152580787108791
"1706","06.10.2014",10647.5,0.0154271467705682
"1707","03.10.2014",10635.5,-0.00112766069366333
"1708","02.10.2014",10555.7,-0.00753146374034828
"1709","01.10.2014",10571.5,0.00149570250156657
"1710","30.09.2014",10702.9,0.0123530319009935
"1711","29.09.2014",10749,0.00429799420714637
"1712","26.09.2014",10798.9,0.00463155010014358
"1713","25.09.2014",10722.2,-0.00712791862335698
"1714","24.09.2014",10885.6,0.0151244564267985
"1715","23.09.2014",10815.4,-0.00646977050538896
"1716","22.09.2014",10892.6,0.00711261520706873
"1717","19.09.2014",10989.6,0.00886571143266683
"1718","18.09.2014",11024.1,0.00313441431886372
"1719","17.09.2014",10973.7,-0.00458228442742062
"1720","16.09.2014",10980.1,0.000583042587734254
"1721","15.09.2014",10909.3,-0.00646890704137191
"1722","12.09.2014",10911.4,0.000192477785449865
"1723","11.09.2014",10976,0.0059029567314157
"1724","10.09.2014",10972.2,-0.000346269857024174
"1725","09.09.2014",10945.6,-0.00242725210190872
"1726","08.09.2014",11007.4,0.00563022486694186
"1727","05.09.2014",11073.4,0.0059780620769743
"1728","04.09.2014",11030.4,-0.00389073862810366
"1729","03.09.2014",11063.5,0.00299630438843952
"1730","02.09.2014",11038.1,-0.00229847714032855
"1731","29.08.2014",11046.3,0.000742605674306856
"1732","28.08.2014",11009.7,-0.00331882785587403
"1733","27.08.2014",11037.9,0.00255810295706934
"1734","26.08.2014",11025.4,-0.0011331035101205
"1735","25.08.2014",11005.4,-0.0018156404210696
"1736","22.08.2014",10947.3,-0.00529321091748627
"1737","21.08.2014",10982.8,0.0032375621642107
"1738","20.08.2014",10949.5,-0.00303661956004908
"1739","19.08.2014",10929.7,-0.00180993870024474
"1740","18.08.2014",10886.5,-0.00396036490902643
"1741","15.08.2014",10796,-0.00834779435447842
"1742","14.08.2014",10802.6,0.000611150741754434
"1743","13.08.2014",10756.2,-0.00430451339080171
"1744","12.08.2014",10705.8,-0.0046966818234099
"1745","11.08.2014",10722.8,0.0015866648839836
"1746","08.08.2014",10691.1,-0.00296069591770827
"1747","07.08.2014",10583.8,-0.0100870894629298
"1748","06.08.2014",10653.4,0.00655455984601537
"1749","05.08.2014",10657.3,0.000366013321339951
"1750","04.08.2014",10766.7,0.0102129341769391
"1751","01.08.2014",10692.2,-0.00694353385495427
"1752","31.07.2014",10726.4,0.00319348874953065
"1753","30.07.2014",10929.8,0.0187850113338494
"1754","29.07.2014",10936.7,0.000631102392154064
"1755","28.07.2014",10987.2,0.00460685273275419
"1756","25.07.2014",10985.8,-0.00012742911772594
"1757","24.07.2014",11038.6,0.00479469144692724
"1758","23.07.2014",11023.9,-0.00133257810087817
"1759","22.07.2014",11016.2,-0.000698726440739633
"1760","21.07.2014",10957.7,-0.00532451118902233
"1761","18.07.2014",10985.9,0.00257022690208115
"1762","17.07.2014",10890.4,-0.00873096516879108
"1763","16.07.2014",11017.9,0.0116395557358502
"1764","15.07.2014",10965.6,-0.00475812301694195
"1765","14.07.2014",10991.5,0.00235914688300026
"1766","11.07.2014",10936.3,-0.00503471543906874
"1767","10.07.2014",10941.3,0.000457088536864494
"1768","09.07.2014",11005.5,0.00585052792419109
"1769","08.07.2014",10963.2,-0.00385093813241246
"1770","07.07.2014",11035.8,0.00660032397506081
"1771","03.07.2014",11104.7,0.00622390844064109
"1772","02.07.2014",11050.3,-0.00491086520681842
"1773","01.07.2014",11046.6,-0.000334888607413552
"1774","30.06.2014",10979.4,-0.00610189852951952
"1775","27.06.2014",10974.4,-0.000455502016639622
"1776","26.06.2014",10949.5,-0.00227149464341208
"1777","25.06.2014",10962.9,0.00122305194048776
"1778","24.06.2014",10922,-0.00373774133003355
"1779","23.06.2014",11014.1,0.00839716642266069
"1780","20.06.2014",11018.1,0.000363104914075569
"1781","19.06.2014",11003.1,-0.00136232378979414
"1782","18.06.2014",10975.5,-0.00251153526684687
"1783","17.06.2014",10886,-0.00818795599804902
"1784","16.06.2014",10863.2,-0.00209662960956033
"1785","13.06.2014",10856.2,-0.000644585047687274
"1786","12.06.2014",10825,-0.00287807146620723
"1787","11.06.2014",10872.7,0.00439678646525739
"1788","10.06.2014",10914.2,0.00380963332937106
"1789","09.06.2014",10918.6,0.000403063286391808
"1790","06.06.2014",10904.2,-0.00131972085066949
"1791","05.06.2014",10847.7,-0.00519496017052412
"1792","04.06.2014",10776.8,-0.00655740054615916
"1793","03.06.2014",10770.3,-0.000603329468668145
"1794","02.06.2014",10772,0.000157829015799641
"1795","30.05.2014",10756.3,-0.00145854552224658
"1796","29.05.2014",10752.1,-0.000390545094324363
"1797","28.05.2014",10702.7,-0.0046050382478098
"1798","27.05.2014",10720.6,0.00167107814066759
"1799","23.05.2014",10681.9,-0.00361640389466261
"1800","22.05.2014",10644.5,-0.00350739349732067
"1801","21.05.2014",10620.4,-0.00226664694573596
"1802","20.05.2014",10542,-0.00740940145490491
"1803","19.05.2014",10618.6,0.00723990194887266
"1804","16.05.2014",10603.2,-0.00145133803006251
"1805","15.05.2014",10568.4,-0.00328742573454839
"1806","14.05.2014",10656.1,0.00826408152110776
"1807","13.05.2014",10702.9,0.00438223464539521
"1808","12.05.2014",10703.5,5.6058001360203e-05
"1809","09.05.2014",10606.7,-0.00908491387098587
"1810","08.05.2014",10610.7,0.000377049030266558
"1811","07.05.2014",10626.8,0.00151618628221306
"1812","06.05.2014",10568.7,-0.00548230950151597
"1813","05.05.2014",10630.1,0.00579279692221334
"1814","02.05.2014",10630,-9.40729347471407e-06
"1815","01.05.2014",10629.3,-6.58535323602721e-05
"1816","30.04.2014",10627.2,-0.000197586621205794
"1817","29.04.2014",10583.7,-0.00410167046055542
"1818","28.04.2014",10526.5,-0.00541919451126205
"1819","25.04.2014",10505,-0.00204455293150925
"1820","24.04.2014",10575.9,0.0067264933970138
"1821","23.04.2014",10581.9,0.000567166733860621
"1822","22.04.2014",10599,0.0016146626172796
"1823","21.04.2014",10559.3,-0.00375266884292894
"1824","17.04.2014",10532.8,-0.00251279047071377
"1825","16.04.2014",10505.8,-0.00256671212181641
"1826","15.04.2014",10402,-0.00992939025877796
"1827","14.04.2014",10359.4,-0.00410377525460057
"1828","11.04.2014",10280.9,-0.0076065152632872
"1829","10.04.2014",10366.8,0.00832058733770867
"1830","09.04.2014",10554.9,0.0179818149018502
"1831","08.04.2014",10452,-0.00979685941418572
"1832","07.04.2014",10407.4,-0.00427625607297492
"1833","04.04.2014",10517,0.0104759039525002
"1834","03.04.2014",10598.5,0.0077194861327631
"1835","02.04.2014",10616.9,0.00173458945987293
"1836","01.04.2014",10584.3,-0.00307530004837377
"1837","31.03.2014",10527.8,-0.00535239364012325
"1838","28.03.2014",10434.9,-0.00886342009246961
"1839","27.03.2014",10373.4,-0.00591111999291259
"1840","26.03.2014",10359.4,-0.00135051726036804
"1841","25.03.2014",10417.1,0.00555436655276456
"1842","24.03.2014",10362.1,-0.00529376765642212
"1843","21.03.2014",10392.2,0.00290060576400018
"1844","20.03.2014",10400.7,0.000817586817950791
"1845","19.03.2014",10359.5,-0.00396913845617344
"1846","18.03.2014",10441.5,0.00788427717629356
"1847","17.03.2014",10377,-0.0061964316715524
"1848","14.03.2014",10285.1,-0.00889557266806445
"1849","13.03.2014",10297.7,0.00122432337426547
"1850","12.03.2014",10419,0.0117104931007043
"1851","11.03.2014",10425.6,0.000633257555487596
"1852","10.03.2014",10486.2,0.00579578703269918
"1853","07.03.2014",10511.9,0.00244784174117771
"1854","06.03.2014",10525.5,0.00129293561890473
"1855","05.03.2014",10482.8,-0.00406506559793826
"1856","04.03.2014",10490,0.000686603627828015
"1857","03.03.2014",10329.8,-0.0153895005483076
"1858","28.02.2014",10425.9,0.00926017303391807
"1859","27.02.2014",10397.8,-0.00269884958544397
"1860","26.02.2014",10350,-0.00460772559699412
"1861","25.02.2014",10353.8,0.000367082375474114
"1862","24.02.2014",10369.5,0.00151520298444014
"1863","21.02.2014",10306.9,-0.00605523120787669
"1864","20.02.2014",10316.9,0.000969753467710577
"1865","19.02.2014",10254.2,-0.00609594957625212
"1866","18.02.2014",10319.1,0.00630916919326476
"1867","14.02.2014",10282.5,-0.00355312582569671
"1868","13.02.2014",10228.6,-0.00525570291896729
"1869","12.02.2014",10173.8,-0.00537192994776306
"1870","11.02.2014",10170.4,-0.000334247601936106
"1871","10.02.2014",10050.4,-0.0118691059457046
"1872","07.02.2014",10055.4,0.000497368928674743
"1873","06.02.2014",9940.2,-0.0115226624463359
"1874","05.02.2014",9809,-0.0132868096082312
"1875","04.02.2014",9817,0.00081524512820567
"1876","03.02.2014",9741.6,-0.0077102014997237
"1877","31.01.2014",9967.7,0.0229444900733476
"1878","30.01.2014",10048.7,0.00809340762039476
"1879","29.01.2014",9962.9,-0.00857507902946453
"1880","28.01.2014",10066.8,0.0103746867831737
"1881","27.01.2014",9981.3,-0.00852953829686248
"1882","24.01.2014",10034.4,0.00530584736707825
"1883","23.01.2014",10269.4,0.0231494099154048
"1884","22.01.2014",10368.9,0.0096423417543576
"1885","21.01.2014",10366,-0.000279721630575417
"1886","17.01.2014",10343.5,-0.00217291666654796
"1887","16.01.2014",10376.2,0.00315641897798886
"1888","15.01.2014",10385.4,0.000886251599315162
"1889","14.01.2014",10343.1,-0.00408134295459665
"1890","13.01.2014",10256.2,-0.00843722995546662
"1891","10.01.2014",10371.1,0.0111406910646223
"1892","09.01.2014",10325.7,-0.00438715867365027
"1893","08.01.2014",10320.9,-0.00046496760594762
"1894","07.01.2014",10327.3,0.000619908777031731
"1895","06.01.2014",10270.1,-0.00555411333885744
"1896","03.01.2014",10296.8,0.00259640636162457
"1897","02.01.2014",10283.4,-0.00130222270858643
"1898","31.12.2013",10400.3,0.0113037072406864
"1899","30.12.2013",10357.8,-0.00409479281670973
"1900","27.12.2013",10353.2,-0.000444208398980084
"1901","26.12.2013",10331.7,-0.00207881186204555
"1902","24.12.2013",10284.4,-0.00458865478870696
"1903","23.12.2013",10246.7,-0.00367248149120369
"1904","20.12.2013",10196.1,-0.00495040829395949
"1905","19.12.2013",10151.5,-0.00438381641336635
"1906","18.12.2013",10154.2,0.000265935182329315
"1907","17.12.2013",9989.1,-0.0163929144904722
"1908","16.12.2013",10025,0.00358747468061659
"1909","13.12.2013",9954.9,-0.00701708093034205
"1910","12.12.2013",9949.6,-0.00053254290489657
"1911","11.12.2013",9991.5,0.00420238218181244
"1912","10.12.2013",10114.7,0.0122550797182751
"1913","09.12.2013",10146.3,0.00311929575266222
"1914","06.12.2013",10131.2,-0.00148933574564263
"1915","05.12.2013",10016.7,-0.0113660711699098
"1916","04.12.2013",10064.9,0.00480042352803513
"1917","03.12.2013",10086.7,0.00216360075667671
"1918","02.12.2013",10137,0.00497437202095921
"1919","29.11.2013",10183.2,0.00454720717382514
"1920","27.11.2013",10183,-1.96403845594095e-05
"1921","26.11.2013",10167.9,-0.00148396412650432
"1922","25.11.2013",10176.2,0.000815961429653524
"1923","22.11.2013",10205.7,0.0028947272432371
"1924","21.11.2013",10162.4,-0.00425175300880099
"1925","20.11.2013",10096.4,-0.00651571006174715
"1926","19.11.2013",10135.7,0.00388492044110849
"1927","18.11.2013",10167.2,0.00310300747924851
"1928","15.11.2013",10189.8,0.00222036737091816
"1929","14.11.2013",10130.5,-0.00583654457257286
"1930","13.11.2013",10079.9,-0.00500733342497684
"1931","12.11.2013",10009.8,-0.00697872885154623
"1932","11.11.2013",10043,0.00331126130365601
"1933","08.11.2013",10032.1,-0.00108592246824482
"1934","07.11.2013",9924.4,-0.0107935805975872
"1935","06.11.2013",10059.5,0.013521090301784
"1936","05.11.2013",10011.9,-0.00474307614188945
"1937","04.11.2013",10064.1,0.00520025081044983
"1938","01.11.2013",10018.2,-0.0045711975148848
"1939","31.10.2013",10009.7,-0.000848815952780478
"1940","30.10.2013",10054.4,0.00445572679106132
"1941","29.10.2013",10108.4,0.00535641171961214
"1942","28.10.2013",10058.5,-0.00494871317223288
"1943","25.10.2013",10053.9,-0.000457429255604412
"1944","24.10.2013",10029.2,-0.00245978085594243
"1945","23.10.2013",9990.3,-0.00388621583534276
"1946","22.10.2013",10056.6,0.00661451313953101
"1947","21.10.2013",9982.7,-0.00737554056323312
"1948","18.10.2013",9984.6,0.00019031115931883
"1949","17.10.2013",9934.8,-0.00500016102459316
"1950","16.10.2013",9845,-0.00908003285953446
"1951","15.10.2013",9726.6,-0.0120993116976434
"1952","14.10.2013",9797.2,0.00723223017326382
"1953","11.10.2013",9761.8,-0.00361982091662647
"1954","10.10.2013",9694,-0.00696967222689862
"1955","09.10.2013",9497,-0.0205311781623688
"1956","08.10.2013",9483.2,-0.00145414720937873
"1957","07.10.2013",9597.5,0.011980835841379
"1958","04.10.2013",9675.7,0.00811493982698067
"1959","03.10.2013",9619.2,-0.00585648658333264
"1960","02.10.2013",9689.3,0.00726108273473386
"1961","01.10.2013",9693.3,0.000412741330552682
"1962","30.09.2013",9621.3,-0.00745553451892981
"1963","27.09.2013",9684.2,0.00651630080261241
"1964","26.09.2013",9726.3,0.00433786517776942
"1965","25.09.2013",9699,-0.00281076925179648
"1966","24.09.2013",9715.2,0.00166888192765863
"1967","23.09.2013",9733,0.00183050410529214
"1968","20.09.2013",9769.7,0.00376358589528565
"1969","19.09.2013",9854.8,0.00867288679224019
"1970","18.09.2013",9887.9,0.00335314126370468
"1971","17.09.2013",9738.9,-0.0151836124639017
"1972","16.09.2013",9704.5,-0.00353847947304055
"1973","13.09.2013",9635.1,-0.00717701481898217
"1974","12.09.2013",9607.3,-0.00288945446947636
"1975","11.09.2013",9655.4,0.00499411816335892
"1976","10.09.2013",9620.7,-0.00360031723041446
"1977","09.09.2013",9539.9,-0.00843402387816764
"1978","06.09.2013",9439.7,-0.0105588032335549
"1979","05.09.2013",9420.3,-0.00205726477648795
"1980","04.09.2013",9400.2,-0.002135969569561
"1981","03.09.2013",9333.5,-0.00712088715484491
"1982","30.08.2013",9270.7,-0.00675118935805929
"1983","29.08.2013",9315.8,0.00485299421779788
"1984","28.08.2013",9309.1,-0.000719466981192938
"1985","27.08.2013",9288.1,-0.00225840545089485
"1986","26.08.2013",9432.5,0.0154271619381633
"1987","23.08.2013",9474.8,0.00447446970996128
"1988","22.08.2013",9425.8,-0.00518503219776788
"1989","21.08.2013",9339.4,-0.00920860001993053
"1990","20.08.2013",9421.6,0.00876291519661036
"1991","19.08.2013",9385.9,-0.00379636239551073
"1992","16.08.2013",9465.6,0.00845561094459786
"1993","15.08.2013",9489.3,0.00250067395242441
"1994","14.08.2013",9593.5,0.0109209377693034
"1995","13.08.2013",9630.6,0.0038597433490734
"1996","12.08.2013",9609,-0.00224536986995932
"1997","09.08.2013",9622.1,0.00136237677784522
"1998","08.08.2013",9634.7,0.0013086288270257
"1999","07.08.2013",9568.3,-0.00691561366821839
"2000","06.08.2013",9614.3,0.00479602224658243
"2001","05.08.2013",9671.6,0.00594218248595294
"2002","02.08.2013",9690.1,0.00191098980254672
"2003","01.08.2013",9673.4,-0.00172489520392237
"2004","31.07.2013",9558.8,-0.0119176543908584
"2005","30.07.2013",9556.2,-0.000272037668431334
"2006","29.07.2013",9571.8,0.00163111704921631
"2007","26.07.2013",9620.1,0.00503338408111262
"2008","25.07.2013",9635.1,0.00155802100568022
"2009","24.07.2013",9605.1,-0.00311847322919553
"2010","23.07.2013",9659.6,0.00565803208913532
"2011","22.07.2013",9650.6,-0.000932149915762433
"2012","19.07.2013",9618.5,-0.00333176221974097
"2013","18.07.2013",9587.2,-0.00325945190344509
"2014","17.07.2013",9523.8,-0.00663494663654034
"2015","16.07.2013",9489,-0.00366069583249214
"2016","15.07.2013",9521,0.00336665231193296
"2017","12.07.2013",9498.5,-0.00236599390058756
"2018","11.07.2013",9493.3,-0.000547604769420957
"2019","10.07.2013",9340.7,-0.0162050907343311
"2020","09.07.2013",9341.4,7.49380423321538e-05
"2021","08.07.2013",9266.3,-0.00807197104123647
"2022","05.07.2013",9214.2,-0.00563839052274492
"2023","03.07.2013",9135.1,-0.00862163570001358
"2024","02.07.2013",9144.7,0.00105033981581541
"2025","01.07.2013",9167.9,0.00253377591516617
"2026","28.06.2013",9112.7,-0.00603920744080819
"2027","27.06.2013",9143.6,0.00338513603603093
"2028","26.06.2013",9067.3,-0.00837964586834089
"2029","25.06.2013",8989.3,-0.00863955397712757
"2030","24.06.2013",8892,-0.0108829850563376
"2031","21.06.2013",9018.5,0.0141260270261666
"2032","20.06.2013",8996,-0.00249798903104763
"2033","19.06.2013",9255.7,0.0284595438602293
"2034","18.06.2013",9399.6,0.0154275572217575
"2035","17.06.2013",9337.9,-0.00658574761890062
"2036","14.06.2013",9263.7,-0.00797785067355943
"2037","13.06.2013",9331.4,0.00728152030631043
"2038","12.06.2013",9189.4,-0.0153344113135981
"2039","11.06.2013",9255.5,0.00716732353829443
"2040","10.06.2013",9358,0.0110136230264218
"2041","07.06.2013",9355.4,-0.000277875748579144
"2042","06.06.2013",9260.5,-0.0101956738147262
"2043","05.06.2013",9178.4,-0.00890514537792317
"2044","04.06.2013",9320.1,0.0153204607508758
"2045","03.06.2013",9357.1,0.00396205516906035
"2046","31.05.2013",9302.3,-0.00587373201209405
"2047","30.05.2013",9460.1,0.0168212724218022
"2048","29.05.2013",9422.5,-0.00398250767328706
"2049","28.05.2013",9494.2,0.00758063968446999
"2050","24.05.2013",9442.2,-0.00549208199088683
"2051","23.05.2013",9466.3,0.00254911950182902
"2052","22.05.2013",9508,0.00439542614338164
"2053","21.05.2013",9598.3,0.00945244996140494
"2054","20.05.2013",9587.5,-0.00112583276597787
"2055","17.05.2013",9576.4,-0.00115842821568783
"2056","16.05.2013",9489.3,-0.00913689043097349
"2057","15.05.2013",9551.4,0.00652289256029483
"2058","14.05.2013",9515.9,-0.00372365683857885
"2059","13.05.2013",9437.2,-0.00830475777800801
"2060","10.05.2013",9442.8,0.000593220356379613
"2061","09.05.2013",9409.2,-0.00356461230406127
"2062","08.05.2013",9463.3,0.00573322540079629
"2063","07.05.2013",9409,-0.00575448141890722
"2064","06.05.2013",9348.9,-0.00640798870381458
"2065","03.05.2013",9340.5,-0.000898905322334695
"2066","02.05.2013",9246.7,-0.0100930528837334
"2067","01.05.2013",9175.8,-0.0076971475147504
"2068","30.04.2013",9276.9,0.0109578556662698
"2069","29.04.2013",9245.2,-0.00342294134586818
"2070","26.04.2013",9169.9,-0.00817811683689381
"2071","25.04.2013",9188.9,0.00206985279903466
"2072","24.04.2013",9146.5,-0.00462494143332208
"2073","23.04.2013",9113.8,-0.00358154410987958
"2074","22.04.2013",9019.9,-0.0103565008007606
"2075","19.04.2013",8994.1,-0.00286444072841026
"2076","18.04.2013",8921.2,-0.00813834011849966
"2077","17.04.2013",8948.4,0.0030442786639465
"2078","16.04.2013",9086.4,0.0153040447854186
"2079","15.04.2013",8953.9,-0.0146895985776084
"2080","12.04.2013",9188.3,0.0258417440146715
"2081","11.04.2013",9234,0.00496138850670308
"2082","10.04.2013",9189.1,-0.00487432504826982
"2083","09.04.2013",9088.4,-0.0110191239418162
"2084","08.04.2013",9051.6,-0.0040573374292627
"2085","05.04.2013",9000.3,-0.00568362755143906
"2086","04.04.2013",9027.8,0.00305079529504987
"2087","03.04.2013",8983.4,-0.00493027559942123
"2088","02.04.2013",9092.9,0.0121154594030832
"2089","01.04.2013",9107.8,0.00163730003006468
"2090","28.03.2013",9107,-8.78406571045301e-05
"2091","27.03.2013",9070.5,-0.00401595918644126
"2092","26.03.2013",9083.7,0.00145420919965592
"2093","25.03.2013",9023,-0.00670472558653263
"2094","22.03.2013",9065.8,0.00473221881733751
"2095","21.03.2013",9009.7,-0.00620731710119283
"2096","20.03.2013",9081.1,0.00789355592163466
"2097","19.03.2013",9017.7,-0.00700601800433665
"2098","18.03.2013",9045.4,0.00306702855143495
"2099","15.03.2013",9116.7,0.00785155530308492
"2100","14.03.2013",9128,0.0012387160594484
"2101","13.03.2013",9057,-0.00780867316696302
"2102","12.03.2013",9060,0.000331180662076618
"2103","11.03.2013",9082.2,0.00244733395954961
"2104","08.03.2013",9054.5,-0.00305458231517747
"2105","07.03.2013",9013.4,-0.00454951277025592
"2106","06.03.2013",8997,-0.00182117049402248
"2107","05.03.2013",8978.1,-0.00210290979911223
"2108","04.03.2013",8901,-0.00862464865907513
"2109","01.03.2013",8874.2,-0.00301543952331546
"2110","28.02.2013",8868.7,-0.000619966316235165
"2111","27.02.2013",8875.3,0.000743913469834691
"2112","26.02.2013",8766.2,-0.0123687204475026
"2113","25.02.2013",8719.4,-0.00535298894547074
"2114","22.02.2013",8894.6,0.019893922808799
"2115","21.02.2013",8810.3,-0.00952285944118556
"2116","20.02.2013",8883.6,0.00828538867319748
"2117","19.02.2013",9004.4,0.0135064665029553
"2118","15.02.2013",8933.2,-0.00793867339368872
"2119","14.02.2013",8953.1,0.00222516766586979
"2120","13.02.2013",8955.6,0.000279193913152766
"2121","12.02.2013",8957.6,0.000223299020645141
"2122","11.02.2013",8919,-0.00431850127977989
"2123","08.02.2013",8935.2,0.00181469956040946
"2124","07.02.2013",8893.8,-0.00464412747874794
"2125","06.02.2013",8934.2,0.00453220430269918
"2126","05.02.2013",8920.1,-0.00157945177702126
"2127","04.02.2013",8852.8,-0.00757336412970158
"2128","01.02.2013",8965.1,0.0126054683228593
"2129","31.01.2013",8883.8,-0.00910986808760401
"2130","30.01.2013",8904.3,0.00230491273106506
"2131","29.01.2013",8935.6,0.00350899187960299
"2132","28.01.2013",8880,-0.00624174100355298
"2133","25.01.2013",8904.5,0.00275520992984466
"2134","24.01.2013",8856.6,-0.0053938231450542
"2135","23.01.2013",8828.7,-0.00315516537978209
"2136","22.01.2013",8832.8,0.000464286733703143
"2137","18.01.2013",8792.6,-0.00456160651192317
"2138","17.01.2013",8766.5,-0.00297281970282098
"2139","16.01.2013",8710.6,-0.00639696409864626
"2140","15.01.2013",8733.1,0.00257972935536953
"2141","14.01.2013",8717.5,-0.0017879046171001
"2142","11.01.2013",8712.4,-0.000585201308733438
"2143","10.01.2013",8713.8,0.000160677600740405
"2144","09.01.2013",8636.1,-0.00895688383923285
"2145","08.01.2013",8604.4,-0.00367739169093754
"2146","07.01.2013",8636.9,0.00377002180737042
"2147","04.01.2013",8667.7,0.00355975087830388
"2148","03.01.2013",8607.8,-0.0069347040664132
"2149","02.01.2013",8632,0.00280745900706674
"2150","31.12.2012",8443.5,-0.0220793133657797
"2151","28.12.2012",8316.2,-0.0151914948594345
"2152","27.12.2012",8399.8,0.0100024763113877
"2153","26.12.2012",8395.5,-0.000512048024620241
"2154","24.12.2012",8420.5,0.00297336089658513
"2155","21.12.2012",8443.2,0.00269217475529442
"2156","20.12.2012",8516.4,0.00863233266753407
"2157","19.12.2012",8463.8,-0.00619547098964075
"2158","18.12.2012",8499.3,0.00418556181674481
"2159","17.12.2012",8407,-0.0109191150107448
"2160","14.12.2012",8333.7,-0.00875715692104029
"2161","13.12.2012",8338.3,0.000551823430509561
"2162","12.12.2012",8380.9,0.00509594863256829
"2163","11.12.2012",8366.5,-0.00171967034270614
"2164","10.12.2012",8322.7,-0.00524891553358099
"2165","07.12.2012",8314.3,-0.00100979752524912
"2166","06.12.2012",8280.9,-0.0040252657512632
"2167","05.12.2012",8264.8,-0.00194612558929932
"2168","04.12.2012",8223.9,-0.00496098344729087
"2169","03.12.2012",8223.5,-4.86399066209308e-05
"2170","30.11.2012",8260.4,0.00447710331131279
"2171","29.11.2012",8256.1,-0.000520691441546432
"2172","28.11.2012",8207.4,-0.00591613472763665
"2173","27.11.2012",8150.8,-0.00692010439667212
"2174","26.11.2012",8197.6,0.00572534655872665
"2175","23.11.2012",8225.5,0.00339765657396697
"2176","21.11.2012",8112.2,-0.013869983700089
"2177","20.11.2012",8086.4,-0.00318546316551113
"2178","19.11.2012",8080.3,-0.000754637655116257
"2179","16.11.2012",7931.5,-0.0185868276902489
"2180","15.11.2012",7896.9,-0.00437189546770214
"2181","14.11.2012",7903.4,0.000822769234341313
"2182","13.11.2012",8023.2,0.0150442981588494
"2183","12.11.2012",8054.1,0.00384393375103352
"2184","09.11.2012",8053.6,-6.20821098184026e-05
"2185","08.11.2012",8050.8,-0.000347731058370853
"2186","07.11.2012",8138.8,0.0108712836249051
"2187","06.11.2012",8312.3,0.0210935965425356
"2188","05.11.2012",8240.3,-0.00869959451652256
"2189","02.11.2012",8234.9,-0.000655530760582443
"2190","01.11.2012",8311.4,0.00924684613336687
"2191","31.10.2012",8221.4,-0.0108875555307915
"2192","26.10.2012",8190.2,-0.00380219327638288
"2193","25.10.2012",8211.9,0.00264600418979904
"2194","24.10.2012",8179.3,-0.0039777494002172
"2195","23.10.2012",8195.3,0.00195424683254626
"2196","22.10.2012",8329.2,0.0162065939380391
"2197","19.10.2012",8324.2,-0.000600477998515546
"2198","18.10.2012",8442.8,0.0141470719914397
"2199","17.10.2012",8446.5,0.000438147236320428
"2200","16.10.2012",8386.5,-0.00712888422797324
"2201","15.10.2012",8293.5,-0.0111511946887124
"2202","12.10.2012",8227.1,-0.00803849225197554
"2203","11.10.2012",8256.6,0.00357929730516933
"2204","10.10.2012",8229.2,-0.00332407589921536
"2205","09.10.2012",8279.1,0.00604546221925531
"2206","08.10.2012",8359.1,0.00961649896175453
"2207","05.10.2012",8384.1,0.00298628918952209
"2208","04.10.2012",8376.3,-0.000930765442723509
"2209","03.10.2012",8297.5,-0.00945202493375446
"2210","02.10.2012",8295.1,-0.000289285587157791
"2211","01.10.2012",8284.4,-0.00129075080497611
"2212","28.09.2012",8251,-0.00403982309765261
"2213","27.09.2012",8303.7,0.00636679348109492
"2214","26.09.2012",8221.3,-0.00997285118815854
"2215","25.09.2012",8274.8,0.00648640437161459
"2216","24.09.2012",8356.6,0.0098368940209687
"2217","21.09.2012",8377.5,0.00249789482160264
"2218","20.09.2012",8372.9,-0.000549240628956772
"2219","19.09.2012",8400.5,0.00329092788694853
"2220","18.09.2012",8387.4,-0.00156064816431937
"2221","17.09.2012",8409,0.00257198112776015
"2222","14.09.2012",8458.9,0.00591658067290258
"2223","13.09.2012",8407,-0.00615444937050378
"2224","12.09.2012",8267.3,-0.0167567176817259
"2225","11.09.2012",8246.2,-0.00255548629700678
"2226","10.09.2012",8192.4,-0.00654559294432923
"2227","07.09.2012",8234.5,0.00512575010202825
"2228","06.09.2012",8160.6,-0.0090149496475004
"2229","05.09.2012",7992,-0.0208766543383734
"2230","04.09.2012",8002.3,0.00128795901337817
"2231","31.08.2012",8014.9,0.00157330901768914
"2232","30.08.2012",7966.2,-0.00609471822954535
"2233","29.08.2012",8031.6,0.00817616976468564
"2234","28.08.2012",8033.9,0.000286327847339146
"2235","27.08.2012",8036.3,0.000298689502040193
"2236","24.08.2012",8047.9,0.00144240957103154
"2237","23.08.2012",8011.4,-0.00454566050201771
"2238","22.08.2012",8074.2,0.00780826566256048
"2239","21.08.2012",8082.7,0.00105218213694299
"2240","20.08.2012",8094.3,0.00143413512866234
"2241","17.08.2012",8102.1,0.000963177076759213
"2242","16.08.2012",8090,-0.00149455626537787
"2243","15.08.2012",8029,-0.00756874386785336
"2244","14.08.2012",8019.5,-0.00118391140725135
"2245","13.08.2012",8018.6,-0.000112232745891896
"2246","10.08.2012",8044.8,0.00326207692433295
"2247","09.08.2012",8025,-0.002464250957657
"2248","08.08.2012",8018.2,-0.000847711230579309
"2249","07.08.2012",8017.7,-6.2360079591704e-05
"2250","06.08.2012",7964.1,-0.00670765507852175
"2251","03.08.2012",7939.5,-0.00309364164337195
"2252","02.08.2012",7765.6,-0.0221465775681354
"2253","01.08.2012",7840.8,0.00963714655695349
"2254","31.07.2012",7863.9,0.00294179661620644
"2255","30.07.2012",7911,0.00597152945021968
"2256","27.07.2012",7912.2,0.000151676020311936
"2257","26.07.2012",7754.5,-0.0201325520422009
"2258","25.07.2012",7607.6,-0.0191255723920015
"2259","24.07.2012",7590.6,-0.0022371079588271
"2260","23.07.2012",7670.5,0.0104711626361491
"2261","20.07.2012",7759.6,0.011548984172123
"2262","19.07.2012",7849.8,0.0115572672879344
"2263","18.07.2012",7831.1,-0.00238506831427499
"2264","17.07.2012",7794.8,-0.0046461407406311
"2265","16.07.2012",7743,-0.00666763530325585
"2266","13.07.2012",7758.7,0.00202558498333533
"2267","12.07.2012",7638.6,-0.0156004540744041
"2268","11.07.2012",7685.4,0.00610808476949066
"2269","10.07.2012",7667.6,-0.00231876610114005
"2270","09.07.2012",7736.3,0.00891987814833778
"2271","06.07.2012",7756.6,0.00262055672175142
"2272","05.07.2012",7837.8,0.0104140888864781
"2273","03.07.2012",7901.7,0.00811974345793807
"2274","02.07.2012",7832.2,-0.00883448503271797
"2275","29.06.2012",7801.8,-0.00388896486046363
"2276","28.06.2012",7597.5,-0.0265352304943811
"2277","27.06.2012",7598,6.58089566228186e-05
"2278","26.06.2012",7527.1,-0.00937521329577689
"2279","25.06.2012",7491.9,-0.00468740454763664
"2280","22.06.2012",7616.6,0.0165076389765485
"2281","21.06.2012",7566.1,-0.00665233275154914
"2282","20.06.2012",7757.9,0.0250339358675973
"2283","19.06.2012",7766.3,0.00108218147405767
"2284","18.06.2012",7662.3,-0.0134816607089106
"2285","15.06.2012",7664.3,0.000260984172791292
"2286","14.06.2012",7582.8,-0.0106906593672826
"2287","13.06.2012",7506.4,-0.01012653459157
"2288","12.06.2012",7557.8,0.00682415255647746
"2289","11.06.2012",7459.3,-0.0131185665173363
"2290","08.06.2012",7553.8,0.01258917186774
"2291","07.06.2012",7519.8,-0.00451120603718952
"2292","06.06.2012",7517.5,-0.000305905982847496
"2293","05.06.2012",7338.6,-0.0240855471413117
"2294","04.06.2012",7285.5,-0.00726201726746322
"2295","01.06.2012",7292.2,0.000919212286130878
"2296","31.05.2012",7464,0.0232861797871399
"2297","30.05.2012",7471.4,0.000990934371431108
"2298","29.05.2012",7615,0.0190375884306513
"2299","25.05.2012",7534.3,-0.0106540583850491
"2300","24.05.2012",7552.4,0.00239946558016391
"2301","23.05.2012",7540.9,-0.00152385525039311
"2302","22.05.2012",7542.6,0.000225411874856414
"2303","21.05.2012",7543,5.30307047904149e-05
"2304","18.05.2012",7427.7,-0.015403725918773
"2305","17.05.2012",7480.4,0.00707001153970701
"2306","16.05.2012",7592.8,0.0149141633417176
"2307","15.05.2012",7635.8,0.00564728396293124
"2308","14.05.2012",7705.5,0.00908664579621865
"2309","11.05.2012",7815.9,0.0142257607971711
"2310","10.05.2012",7852.8,0.00471003570393417
"2311","09.05.2012",7820.3,-0.00414723910167295
"2312","08.05.2012",7887.3,0.00853095397625834
"2313","07.05.2012",7948.8,0.00776710290792723
"2314","04.05.2012",7933.3,-0.00195188355709322
"2315","03.05.2012",8049.9,0.0145905786732454
"2316","02.05.2012",8124.3,0.00919990166512617
"2317","01.05.2012",8164,0.00487467428940675
"2318","30.04.2012",8119.1,-0.00551493435535822
"2319","27.04.2012",8151.9,0.00403171832458302
"2320","26.04.2012",8123.1,-0.00353917420114317
"2321","25.04.2012",8070.8,-0.0064592447572941
"2322","24.04.2012",7988,-0.0103121944048171
"2323","23.04.2012",7940.7,-0.00593898297142741
"2324","20.04.2012",8025.5,0.010622539788994
"2325","19.04.2012",7995.9,-0.00369506206431223
"2326","18.04.2012",8030.4,0.00430542961170891
"2327","17.04.2012",8064.1,0.00418777212724235
"2328","16.04.2012",7949.6,-0.0143004991107579
"2329","13.04.2012",7931.1,-0.00232987316285075
"2330","12.04.2012",8040,0.0136373434187093
"2331","11.04.2012",7912.9,-0.0159347440757455
"2332","10.04.2012",7841.9,-0.00901318717531325
"2333","09.04.2012",7992.3,0.0189974262394581
"2334","05.04.2012",8081.4,0.0110865466714128
"2335","04.04.2012",8106.8,0.00313809081233405
"2336","03.04.2012",8216.5,0.0134411119761864
"2337","02.04.2012",8280.8,0.00779525444819576
"2338","30.03.2012",8206.9,-0.00896431823442374
"2339","29.03.2012",8166.4,-0.00494708856475537
"2340","28.03.2012",8188.4,0.00269034329610482
"2341","27.03.2012",8239.4,0.00620900715189082
"2342","26.03.2012",8288.8,0.00597768021918479
"2343","23.03.2012",8180.1,-0.0132008304765978
"2344","22.03.2012",8141.3,-0.0047545030561643
"2345","21.03.2012",8219.3,0.00953517486843293
"2346","20.03.2012",8241.3,0.00267305117669299
"2347","19.03.2012",8297.5,0.00679616614422387
"2348","16.03.2012",8270.4,-0.00327138915235487
"2349","15.03.2012",8246.7,-0.00286975513438784
"2350","14.03.2012",8185.3,-0.00747325776088446
"2351","13.03.2012",8234.5,0.00599278276776056
"2352","12.03.2012",8086.3,-0.018161373639275
"2353","09.03.2012",8102.1,0.00195201564292709
"2354","08.03.2012",8082.4,-0.00243442920439282
"2355","07.03.2012",7979.8,-0.0127755096403832
"2356","06.03.2012",7920.1,-0.00750951648175198
"2357","05.03.2012",8091.3,0.0213855783641476
"2358","02.03.2012",8125.2,0.00418093292406499
"2359","01.03.2012",8175.1,0.00612260582694104
"2360","29.02.2012",8113.3,-0.00758825870500691
"2361","28.02.2012",8171.5,0.00714780013157866
"2362","27.02.2012",8143.6,-0.00342014786259059
"2363","24.02.2012",8152,0.00103095323203865
"2364","23.02.2012",8136.2,-0.00194005537207168
"2365","22.02.2012",8094.4,-0.00515077599281741
"2366","21.02.2012",8115.4,0.00259102663185004
"2367","17.02.2012",8114.5,-0.000110906413585021
"2368","16.02.2012",8092.2,-0.0027519500050698
"2369","15.02.2012",7998.6,-0.0116341084031806
"2370","14.02.2012",8029.6,0.00386818715190423
"2371","13.02.2012",8056.2,0.0033072678071269
"2372","10.02.2012",7992,-0.00800093997832792
"2373","09.02.2012",8081.3,0.0111117093342773
"2374","08.02.2012",8083,0.000210340071177477
"2375","07.02.2012",8069.7,-0.00164678388203662
"2376","06.02.2012",8048,-0.0026926935122874
"2377","03.02.2012",8060.4,0.00153956972129856
"2378","02.02.2012",7945.4,-0.0143700382276853
"2379","01.02.2012",7931.5,-0.00175097198462385
"2380","31.01.2012",7838.5,-0.0117946833399242
"2381","30.01.2012",7834.4,-0.000523196102001073
"2382","27.01.2012",7876.6,0.00537204525325942
"2383","26.01.2012",7883.9,0.000926366615531589
"2384","25.01.2012",7914.8,0.00391171924290924
"2385","24.01.2012",7840.6,-0.00941906248990436
"2386","23.01.2012",7855.5,0.00189856135927157
"2387","20.01.2012",7829.3,-0.00334081714377072
"2388","19.01.2012",7819.4,-0.00126528099085193
"2389","18.01.2012",7767,-0.00672383583338202
"2390","17.01.2012",7670.5,-0.0125021871348192
"2391","13.01.2012",7632,-0.0050318681567056
"2392","12.01.2012",7681.3,0.00643886952223782
"2393","11.01.2012",7662,-0.00251575738976588
"2394","10.01.2012",7668.9,0.00090014290953523
"2395","09.01.2012",7584.7,-0.0110401289165568
"2396","06.01.2012",7557.7,-0.00356614917241501
"2397","05.01.2012",7600,0.00558133619326477
"2398","04.01.2012",7612.1,0.00159083920719163
"2399","03.01.2012",7624.3,0.00160142850113086
"2400","30.12.2011",7477,-0.0195088729828294
"2401","29.12.2011",7485.6,0.0011495329617877
"2402","28.12.2011",7397,-0.0119066623738355
"2403","27.12.2011",7508.4,0.0149478812044504
"2404","23.12.2011",7518.7,0.00137085686699649
"2405","22.12.2011",7460.8,-0.00773060360525815
"2406","21.12.2011",7388.5,-0.00973790971036786
"2407","20.12.2011",7361,-0.0037289442849827
"2408","19.12.2011",7142.5,-0.0301329379537778
"2409","16.12.2011",7237.7,0.0132406212459827
"2410","15.12.2011",7217.1,-0.00285026620170841
"2411","14.12.2011",7184.8,-0.00448552679246239
"2412","13.12.2011",7277.6,0.0128334541511122
"2413","12.12.2011",7363.5,0.0117342256583648
"2414","09.12.2011",7502.9,0.0187542492885608
"2415","08.12.2011",7369.5,-0.017939751177965
"2416","07.12.2011",7559.7,0.0254816455697108
"2417","06.12.2011",7539.3,-0.00270216735054008
"2418","05.12.2011",7531,-0.00110150439463155
"2419","02.12.2011",7453.5,-0.0103441143908667
"2420","01.12.2011",7450.4,-0.000415998503036984
"2421","30.11.2011",7484.5,0.00456649314784239
"2422","29.11.2011",7149.7,-0.0457638175894584
"2423","28.11.2011",7120.5,-0.00409245010634957
"2424","25.11.2011",6898.2,-0.0317174396717329
"2425","23.11.2011",6919.9,0.00314081065249892
"2426","22.11.2011",7094.9,0.0249748974218681
"2427","21.11.2011",7134.5,0.00556595530851348
"2428","18.11.2011",7282.5,0.0205320384629599
"2429","17.11.2011",7274.1,-0.00115411578698156
"2430","16.11.2011",7392,0.016078240274912
"2431","15.11.2011",7509,0.0157039667783638
"2432","14.11.2011",7493.3,-0.00209301316883683
"2433","11.11.2011",7576.2,0.0110024667416426
"2434","10.11.2011",7423.7,-0.0203341695058969
"2435","09.11.2011",7353.5,-0.00950119482642434
"2436","08.11.2011",7671.9,0.0423879127271123
"2437","07.11.2011",7590.4,-0.0106800121441839
"2438","04.11.2011",7552.2,-0.00504537939778269
"2439","03.11.2011",7605.1,0.00698016332534704
"2440","02.11.2011",7461.2,-0.0191028156804537
"2441","01.11.2011",7337.1,-0.0167725900004327
"2442","31.10.2011",7565,0.0305886780524815
"2443","28.10.2011",7803.9,0.0310912614968778
"2444","27.10.2011",7814,0.0012933878956817
"2445","26.10.2011",7506.1,-0.0402009733336026
"2446","25.10.2011",7400.8,-0.0141279208243044
"2447","24.10.2011",7547.6,0.0196415294564502
"2448","21.10.2011",7431.1,-0.0155557357076239
"2449","20.10.2011",7273.9,-0.0213812973476709
"2450","19.10.2011",7240.3,-0.0046299568728803
"2451","18.10.2011",7341.7,0.0139077814356988
"2452","17.10.2011",7188.7,-0.0210600747294266
"2453","14.10.2011",7350.5,0.022257989412365
"2454","13.10.2011",7229.1,-0.0166537910274549
"2455","12.10.2011",7263.7,0.00477479379224147
"2456","11.10.2011",7161.3,-0.014197812149099
"2457","10.10.2011",7173.5,0.00170215181873621
"2458","07.10.2011",6925.8,-0.0351401116895231
"2459","06.10.2011",6997.6,0.0103136642567236
"2460","05.10.2011",6844.2,-0.0221656548437381
"2461","04.10.2011",6723,-0.0178670947928705
"2462","03.10.2011",6574.3,-0.0223663749690793
"2463","30.09.2011",6791.6,0.0325184459418995
"2464","29.09.2011",6974.9,0.0266314362273722
"2465","28.09.2011",6876.9,-0.0141500216794887
"2466","27.09.2011",7043.1,0.023880445149832
"2467","26.09.2011",6940.8,-0.014631372507017
"2468","23.09.2011",6770.7,-0.02481256273016
"2469","22.09.2011",6726.6,-0.0065346635147923
"2470","21.09.2011",6981.3,0.0371653304454423
"2471","20.09.2011",7217.5,0.0332734867040449
"2472","19.09.2011",7234.6,0.00236643919984628
"2473","16.09.2011",7348.2,0.0155803135183603
"2474","15.09.2011",7329.1,-0.00260265999627889
"2475","14.09.2011",7199.1,-0.0178967070680222
"2476","13.09.2011",7110,-0.0124537743937091
"2477","12.09.2011",7047.1,-0.00888605913530091
"2478","09.09.2011",7045,-0.000298039329204987
"2479","08.09.2011",7257.4,0.029703492621609
"2480","07.09.2011",7355.2,0.0133859080975738
"2481","06.09.2011",7148.1,-0.0285609589432506
"2482","02.09.2011",7250.7,0.0142514288033277
"2483","01.09.2011",7443.5,0.0262431524050714
"2484","31.08.2011",7528.4,0.0113413674992969
"2485","30.08.2011",7464,-0.00859107228922915
"2486","29.08.2011",7450.3,-0.00183716350795119
"2487","26.08.2011",7245.8,-0.0278323093804073
"2488","25.08.2011",7149.7,-0.0133515928729893
"2489","24.08.2011",7273.1,0.0171122127785798
"2490","23.08.2011",7209.6,-0.00876913930648643
"2491","22.08.2011",6980.6,-0.0322785982904595
"2492","19.08.2011",6970.1,-0.00150530109352071
"2493","18.08.2011",7079.4,0.0155595864799835
"2494","17.08.2011",7418.9,0.0468416398592432
"2495","16.08.2011",7394.5,-0.00329431758634796
"2496","15.08.2011",7482.7,0.0118572087972296
"2497","12.08.2011",7303.9,-0.0241852373511223
"2498","11.08.2011",7257.6,-0.00635925639960742
"2499","10.08.2011",6938.2,-0.0450068207878862
"2500","09.08.2011",7258,0.0450619339075783
"2501","08.08.2011",6896,-0.0511627754294866
"2502","05.08.2011",7419.1,0.0731162226606701
"2503","04.08.2011",7428.4,0.00125273631469862
"2504","03.08.2011",7853.2,0.0556105997056961
"2505","02.08.2011",7832,-0.00270318681424767
"2506","01.08.2011",8040.9,0.0263231119963254
"2507","29.07.2011",8079.4,0.00477659512550752
"2508","28.07.2011",8124,0.005505031368096
"2509","27.07.2011",8153.2,0.00358784450929999
"2510","26.07.2011",8331.7,0.0216570287621426
"2511","25.07.2011",8357.6,0.00310378755158017
"2512","22.07.2011",8408.2,0.00603611562023364
"2513","21.07.2011",8411.5,0.000392397015683011
"2514","20.07.2011",8281.8,-0.0155394811016276
"2515","19.07.2011",8254.4,-0.00331394456720207
"2516","18.07.2011",8135.5,-0.0145091899110117
"2517","15.07.2011",8227,0.0111842265895567
"2518","14.07.2011",8191.1,-0.00437322920630352
"2519","13.07.2011",8246.8,0.00677704733378615
"2520","12.07.2011",8192.8,-0.00656952653518523
"2521","11.07.2011",8228.7,0.00437232374537259
"2522","08.07.2011",8410.2,0.0218172113904668
"2523","07.07.2011",8476.1,0.00780518343945955
"2524","06.07.2011",8396.5,-0.00943548600146411
"2525","05.07.2011",8404.6,0.000964222655369521
"2526","01.07.2011",8425.5,0.00248364665016489
"2527","30.06.2011",8319.1,-0.0127087457533951
"2528","29.06.2011",8228.5,-0.0109503378517644
"2529","28.06.2011",8136,-0.0113050793070416
"2530","27.06.2011",8031.1,-0.0129771538679852
"2531","24.06.2011",7974.7,-0.00704747446978227
"2532","23.06.2011",8054.1,0.00990724813440359
"2533","22.06.2011",8101.8,0.00590498067001975
"2534","21.06.2011",8156.3,0.00670437555946136
"2535","20.06.2011",8032.2,-0.0153321717346061
"2536","17.06.2011",8000.1,-0.0040044214360583
"2537","16.06.2011",7963.6,-0.00457288267820716
"2538","15.06.2011",7967.8,0.000527260642165894
"2539","14.06.2011",8132.8,0.0204968481448306
"2540","13.06.2011",8017.1,-0.0143285072336542
"2541","10.06.2011",8016.4,-8.73171797106281e-05
"2542","09.06.2011",8149.6,0.0164794029965833
"2543","08.06.2011",8081.4,-0.00840372144303247
"2544","07.06.2011",8131.7,0.00620487894125793
"2545","06.06.2011",8115.9,-0.00194490324484684
"2546","03.06.2011",8222.2,0.0130127126144974
"2547","02.06.2011",8277.8,0.00673941944785386
"2548","01.06.2011",8281.6,0.000458953834885721
"2549","31.05.2011",8477.3,0.0233558164342212
"2550","27.05.2011",8386.3,-0.0107925808609606
"2551","26.05.2011",8341.7,-0.00533238948840893
"2552","25.05.2011",8295.4,-0.00556588822903978
"2553","24.05.2011",8252.5,-0.00518495955493585
"2554","23.05.2011",8236.5,-0.00194068834031107
"2555","20.05.2011",8357.5,0.0145838429072167
"2556","19.05.2011",8428,0.00840015662982598
"2557","18.05.2011",8407.5,-0.00243533130965499
"2558","17.05.2011",8333.1,-0.0088886288242038
"2559","16.05.2011",8336.6,0.000419923580080132
"2560","13.05.2011",8371.7,0.0042015108220601
"2561","12.05.2011",8456.2,0.0100429299228559
"2562","11.05.2011",8428.1,-0.00332853905032769
"2563","10.05.2011",8550.5,0.0144183996882191
"2564","09.05.2011",8478.2,-0.00849159764932632
"2565","06.05.2011",8425.9,-0.00618786766277974
"2566","05.05.2011",8397.4,-0.0033881613315025
"2567","04.05.2011",8506.6,0.0129201986598118
"2568","03.05.2011",8584.7,0.00913921628074743
"2569","02.05.2011",8649.6,0.00753152803206943
"2570","29.04.2011",8671.4,0.00251717701180364
"2571","28.04.2011",8639.7,-0.00366239412088327
"2572","27.04.2011",8609.3,-0.00352484566937085
"2573","26.04.2011",8555,-0.00632710697738414
"2574","25.04.2011",8485.3,-0.00818065277150314
"2575","21.04.2011",8504.4,0.00224842204941974
"2576","20.04.2011",8457.7,-0.00550640757893339
"2577","19.04.2011",8332,-0.0149737456444145
"2578","18.04.2011",8277.1,-0.00661085789634617
"2579","15.04.2011",8400.3,0.0147747539948627
"2580","14.04.2011",8374.2,-0.00311186873672559
"2581","13.04.2011",8367.3,-0.000824298944622207
"2582","12.04.2011",8360.5,-0.000813017895307795
"2583","11.04.2011",8445.8,0.010151042462344
"2584","08.04.2011",8483.9,0.00450097335706422
"2585","07.04.2011",8489.3,0.000636297242970356
"2586","06.04.2011",8508.2,0.00222385736599246
"2587","05.04.2011",8488.4,-0.00232987879420036
"2588","04.04.2011",8482.4,-0.00070709692530615
"2589","01.04.2011",8469.3,-0.00154556800884301
"2590","31.03.2011",8405,-0.00762109376002935
"2591","30.03.2011",8416.7,0.00139106058087757
"2592","29.03.2011",8345.4,-0.00850733858245411
"2593","28.03.2011",8296.5,-0.00587674973829705
"2594","25.03.2011",8321.8,0.00304483846680365
"2595","24.03.2011",8311.6,-0.00122644814392101
"2596","23.03.2011",8248.8,-0.00758439422199139
"2597","22.03.2011",8228.4,-0.00247615012541474
"2598","21.03.2011",8256.4,0.00339707208178351
"2599","18.03.2011",8116.4,-0.0171019510666333
"2600","17.03.2011",8064.9,-0.00636539386707607
"2601","16.03.2011",7929.9,-0.0168808870174897
"2602","15.03.2011",8092.1,0.0202478518867049
"2603","14.03.2011",8194,0.012513902011208
"2604","11.03.2011",8248.5,0.00662918650916268
"2605","10.03.2011",8200.1,-0.00588501631604325
"2606","09.03.2011",8379.4,0.0216299635675127
"2607","08.03.2011",8394,0.00174085202608764
"2608","07.03.2011",8337,-0.00681372548292273
"2609","04.03.2011",8413,0.00907468914020026
"2610","03.03.2011",8465.5,0.00622095201747288
"2611","02.03.2011",8338.8,-0.0150797594600047
"2612","01.03.2011",8315.8,-0.00276200144363491
"2613","28.02.2011",8438.5,0.014647248011892
"2614","25.02.2011",8378,-0.00719534516955892
"2615","24.02.2011",8276.3,-0.0122132139026967
"2616","23.02.2011",8292.9,0.00200371841174314
"2617","22.02.2011",8325.9,0.00397141109746554
"2618","18.02.2011",8507.9,0.0216240054939314
"2619","17.02.2011",8497.4,-0.00123490927350604
"2620","16.02.2011",8453.8,-0.00514418992728914
"2621","15.02.2011",8383.7,-0.00832669992876001
"2622","14.02.2011",8405.2,0.00256121744164736
"2623","11.02.2011",8374.9,-0.00361142459604204
"2624","10.02.2011",8337.1,-0.00452370326247419
"2625","09.02.2011",8344,0.00082728361960888
"2626","08.02.2011",8379.8,0.00428133016226584
"2627","07.02.2011",8336.6,-0.00516858847257306
"2628","04.02.2011",8288.5,-0.00578644750538029
"2629","03.02.2011",8289,6.03227266054979e-05
"2630","02.02.2011",8272.6,-0.00198048562463871
"2631","01.02.2011",8290.1,0.00211318281587513
"2632","31.01.2011",8139.2,-0.0183701367142622
"2633","28.01.2011",8062.6,-0.00945580994061521
"2634","27.01.2011",8207.1,0.017763548147954
"2635","26.01.2011",8193.6,-0.00164627156755332
"2636","25.01.2011",8141.1,-0.00642805570649465
"2637","24.01.2011",8157.4,0.00200018473286931
"2638","21.01.2011",8105.8,-0.00634563593246023
"2639","20.01.2011",8076.7,-0.00359648155310883
"2640","19.01.2011",8104.9,0.00348544378164613
"2641","18.01.2011",8190.9,0.0105549648887916
"2642","14.01.2011",8174.1,-0.00205316295773518
"2643","13.01.2011",8119.4,-0.00671435916180702
"2644","12.01.2011",8123,0.000443284250966739
"2645","11.01.2011",8018.7,-0.012923230092262
"2646","10.01.2011",7966.1,-0.00658127594415015
"2647","07.01.2011",7980.3,0.00178096670763892
"2648","06.01.2011",8000.9,0.0025780306121418
"2649","05.01.2011",8040,0.00487504783868963
"2650","04.01.2011",8022.2,-0.00221638471525299
"2651","03.01.2011",8044,0.00271377343478371
"2652","31.12.2010",7964,-0.0099950857084558
"2653","30.12.2010",7951.9,-0.00152049237946491
"2654","29.12.2010",7961.5,0.00120653049185884
"2655","28.12.2010",7931.7,-0.00375003585464665
"2656","27.12.2010",7920.9,-0.00136255272584877
"2657","23.12.2010",7925.4,0.000567955941887381
"2658","22.12.2010",7931.8,0.00080720434219265
"2659","21.12.2010",7906.1,-0.00324538260212754
"2660","20.12.2010",7847,-0.00750332027046481
"2661","17.12.2010",7835.3,-0.00149212834479453
"2662","16.12.2010",7840.2,0.00062517944047674
"2663","15.12.2010",7798.8,-0.00529446853485184
"2664","14.12.2010",7855.2,0.00720585716677692
"2665","13.12.2010",7850,-0.000662201078626328
"2666","10.12.2010",7823.3,-0.00340707136698662
"2667","09.12.2010",7782.1,-0.00528023578047906
"2668","08.12.2010",7750.3,-0.00409467235337659
"2669","07.12.2010",7739.6,-0.00138154561383808
"2670","06.12.2010",7740.7,0.00014211610910011
"2671","03.12.2010",7751.6,0.00140715088122068
"2672","02.12.2010",7712.3,-0.00508281670337661
"2673","01.12.2010",7603.7,-0.014181486038201
"2674","30.11.2010",7430.9,-0.0229879889826079
"2675","29.11.2010",7483.3,0.00702688922147688
"2676","26.11.2010",7500.5,0.00229581381955937
"2677","24.11.2010",7579.3,0.0104511621181466
"2678","23.11.2010",7470.8,-0.0144187586476396
"2679","22.11.2010",7610.3,0.0185005044526637
"2680","19.11.2010",7641.1,0.00403897896205234
"2681","18.11.2010",7619.9,-0.00277832561916835
"2682","17.11.2010",7488.8,-0.0173546751774649
"2683","16.11.2010",7472.6,-0.00216557358684431
"2684","15.11.2010",7617.5,0.0192052343891734
"2685","12.11.2010",7623.2,0.000747997174114346
"2686","11.11.2010",7723.2,0.01303255687225
"2687","10.11.2010",7747.5,0.00314142475567492
"2688","09.11.2010",7702.3,-0.00585122512377801
"2689","08.11.2010",7782.2,0.0103200890102301
"2690","05.11.2010",7800.7,0.00237439869235632
"2691","04.11.2010",7782.4,-0.00234869934897314
"2692","03.11.2010",7608.4,-0.0226118738130526
"2693","02.11.2010",7582.1,-0.00346269395722642
"2694","01.11.2010",7509.2,-0.00966127067125234
"2695","29.10.2010",7513.4,0.000559157550547786
"2696","28.10.2010",7504.9,-0.0011319524723303
"2697","27.10.2010",7480.9,-0.00320303494226029
"2698","26.10.2010",7530.8,0.0066481722643925
"2699","25.10.2010",7546.4,0.00206935048508651
"2700","22.10.2010",7522.9,-0.00311892643322252
"2701","21.10.2010",7515.7,-0.000957536014007291
"2702","20.10.2010",7523.8,0.00107716357368139
"2703","19.10.2010",7423.6,-0.0134072147579454
"2704","18.10.2010",7571.1,0.0196742526067376
"2705","15.10.2010",7520.6,-0.00669244531579099
"2706","14.10.2010",7546.6,0.00345120869263265
"2707","13.10.2010",7561.5,0.0019724525030664
"2708","12.10.2010",7489.6,-0.00955419164498902
"2709","11.10.2010",7479,-0.00141629835413863
"2710","08.10.2010",7478.4,-8.02278471288432e-05
"2711","07.10.2010",7425,-0.00716618067363844
"2712","06.10.2010",7448.3,0.00313313374441718
"2713","05.10.2010",7434.2,-0.00189484350327671
"2714","04.10.2010",7272.5,-0.0219908635426843
"2715","01.10.2010",7335.9,0.00867999206727439
"2716","30.09.2010",7281.1,-0.00749815375908971
"2717","29.09.2010",7299.3,0.00249650345020272
"2718","28.09.2010",7310.3,0.00150585944565823
"2719","27.09.2010",7263.4,-0.00643627382271122
"2720","24.09.2010",7301,0.00516328630539432
"2721","23.09.2010",7141.5,-0.0220884867534027
"2722","22.09.2010",7210.9,0.00967093181579719
"2723","21.09.2010",7246,0.00485582233654226
"2724","20.09.2010",7266,0.00275634132612463
"2725","17.09.2010",7154.6,-0.0154504273149019
"2726","16.09.2010",7169.5,0.00208041068884846
"2727","15.09.2010",7179.8,0.00143561034601078
"2728","14.09.2010",7162.1,-0.00246829345991759
"2729","13.09.2010",7156.2,-0.000824120228508672
"2730","10.09.2010",7067.5,-0.0124723032449329
"2731","09.09.2010",7034.4,-0.00469441150295313
"2732","08.09.2010",6999.9,-0.00491653584366951
"2733","07.09.2010",6959.9,-0.0057307568119675
"2734","03.09.2010",7055,0.0135714788777592
"2735","02.09.2010",6966.3,-0.0126523479661591
"2736","01.09.2010",6911,-0.0079698922293609
"2737","31.08.2010",6704.1,-0.0303950655729443
"2738","30.08.2010",6695.3,-0.00131349183772275
"2739","27.08.2010",6794.9,0.0147665430927667
"2740","26.08.2010",6665.3,-0.0192573669208476
"2741","25.08.2010",6696.1,0.00461030349427756
"2742","24.08.2010",6681,-0.00225759042144649
"2743","23.08.2010",6785,0.0154466163434921
"2744","20.08.2010",6813.1,0.00413293621879179
"2745","19.08.2010",6850.5,0.005474412805402
"2746","18.08.2010",6968.1,0.0170209484565176
"2747","17.08.2010",6959.8,-0.00119185246627575
"2748","16.08.2010",6871.6,-0.0127537625311147
"2749","13.08.2010",6861,-0.0015437720613997
"2750","12.08.2010",6881.9,0.00304157290127171
"2751","11.08.2010",6902.7,0.00301786280143415
"2752","10.08.2010",7139.8,0.0337721253432306
"2753","09.08.2010",7188.3,0.00676993952273554
"2754","06.08.2010",7153.7,-0.00482499890193084
"2755","05.08.2010",7174.3,0.00287549053519881
"2756","04.08.2010",7182.1,0.00108662349439806
"2757","03.08.2010",7147,-0.00489913116724976
"2758","02.08.2010",7174.9,0.00389613602848827
"2759","30.07.2010",6999,-0.0248215425589273
"2760","29.07.2010",6994.6,-0.000628858927653024
"2761","28.07.2010",6999.2,0.000657434030168153
"2762","27.07.2010",7045,0.00652228854072578
"2763","26.07.2010",7046,0.00014193456840236
"2764","23.07.2010",6965.1,-0.01154811528855
"2765","22.07.2010",6901.9,-0.00911522861368665
"2766","21.07.2010",6731.2,-0.0250433021626898
"2767","20.07.2010",6820,0.0131060380012514
"2768","19.07.2010",6739.6,-0.0118588958732775
"2769","16.07.2010",6709.5,-0.00447614342321771
"2770","15.07.2010",6916.8,0.0304288023723549
"2771","14.07.2010",6903.4,-0.00193919106802833
"2772","13.07.2010",6907.8,0.000637164062334791
"2773","12.07.2010",6794.5,-0.0165377465471216
"2774","09.07.2010",6808.7,0.00208774481853822
"2775","08.07.2010",6755.8,-0.00779981100515773
"2776","07.07.2010",6685.8,-0.0104155208928693
"2777","06.07.2010",6486.1,-0.03032444870965
"2778","02.07.2010",6434.8,-0.00794066505526043
"2779","01.07.2010",6462,0.00421810686829068
"2780","30.06.2010",6469.6,0.00117541539716881
"2781","29.06.2010",6520.1,0.00777543044478197
"2782","28.06.2010",6736.6,0.0326656333631519
"2783","25.06.2010",6763.9,0.00404430016824809
"2784","24.06.2010",6730.2,-0.00499478587856185
"2785","23.06.2010",6850,0.0176437913770384
"2786","22.06.2010",6859,0.00131300624305037
"2787","21.06.2010",6978.9,0.0173296527147866
"2788","18.06.2010",6988.2,0.00133170112255322
"2789","17.06.2010",6982,-0.000887603671679759
"2790","16.06.2010",6976.1,-0.0008453873165236
"2791","15.06.2010",6989.9,0.0019762286254189
"2792","14.06.2010",6818,-0.0249000762760283
"2793","11.06.2010",6814.8,-0.00046945602646124
"2794","10.06.2010",6783.5,-0.0046035247460239
"2795","09.06.2010",6559.7,-0.033548322740272
"2796","08.06.2010",6596.1,0.0055336950829327
"2797","07.06.2010",6512.4,-0.0127705134106645
"2798","04.06.2010",6600.3,0.0134070506695856
"2799","03.06.2010",6860.4,0.038650646530981
"2800","02.06.2010",6839.6,-0.00303649868348794
"2801","01.06.2010",6661.1,-0.0264446143131021
"2802","28.05.2010",6791.6,0.0194019183805209
"2803","27.05.2010",6893.3,0.0148633709107655
"2804","26.05.2010",6631.4,-0.03873398207651
"2805","25.05.2010",6665.8,0.00517403314117375
"2806","24.05.2010",6666.7,0.000135008438232496
"2807","21.05.2010",6775.5,0.0161881799072501
"2808","20.05.2010",6653,-0.0182452840208811
"2809","19.05.2010",6927.2,0.0403878103917038
"2810","18.05.2010",6959.2,0.00460883405973962
"2811","17.05.2010",7063.8,0.0149186251188752
"2812","14.05.2010",7077.6,0.00195171685697004
"2813","13.05.2010",7234.4,0.021912559257094
"2814","12.05.2010",7316.4,0.0112709772755004
"2815","11.05.2010",7221.7,-0.0130280214668508
"2816","10.05.2010",7257.6,0.00495881341840384
"2817","07.05.2010",6916.2,-0.0481827098183017
"2818","06.05.2010",7011.9,0.0137422198380099
"2819","05.05.2010",7258,0.0344956030999838
"2820","04.05.2010",7337.3,0.0108666187516466
"2821","03.05.2010",7543.1,0.0276623105657631
"2822","30.04.2010",7474.4,-0.00914938961167941
"2823","29.04.2010",7589.3,0.0152555120438284
"2824","28.04.2010",7499.7,-0.0118763407981937
"2825","27.04.2010",7463.1,-0.004892142245541
"2826","26.04.2010",7677.6,0.0283361208245785
"2827","23.04.2010",7701.6,0.00312110116033885
"2828","22.04.2010",7642.8,-0.0076640712984364
"2829","21.04.2010",7644.7,0.000248569093675497
"2830","20.04.2010",7669.1,0.00318667093056411
"2831","19.04.2010",7596.6,-0.00949848943529751
"2832","16.04.2010",7584.6,-0.00158090302469556
"2833","15.04.2010",7719.7,0.0176556274305546
"2834","14.04.2010",7729,0.00120398494674954
"2835","13.04.2010",7638.4,-0.01179133096236
"2836","12.04.2010",7641.8,0.000445020360481182
"2837","09.04.2010",7629,-0.00167640241476282
"2838","08.04.2010",7565.3,-0.00838477234210082
"2839","07.04.2010",7546.2,-0.00252787746696367
"2840","06.04.2010",7604.4,0.00768290183630668
"2841","05.04.2010",7600.9,-0.000460365801636904
"2842","01.04.2010",7539,-0.00817711410413281
"2843","31.03.2010",7447.8,-0.0121708604617447
"2844","30.03.2010",7460.7,0.00173055682589645
"2845","29.03.2010",7464.9,0.000562791460424552
"2846","26.03.2010",7403.6,-0.00824566665371652
"2847","25.03.2010",7385.6,-0.00243420994889058
"2848","24.03.2010",7408.2,0.00305533636808192
"2849","23.03.2010",7478.8,0.00948485648936611
"2850","22.03.2010",7419,-0.00802807410159322
"2851","19.03.2010",7386.9,-0.00433611604766666
"2852","18.03.2010",7443.6,0.00764644162521287
"2853","17.03.2010",7474.1,0.00408910790519952
"2854","16.03.2010",7426.7,-0.00636209597889246
"2855","15.03.2010",7351,-0.0102452563192915
"2856","12.03.2010",7362.9,0.00161751848178434
"2857","11.03.2010",7353.2,-0.00131828424715524
"2858","10.03.2010",7327.7,-0.00347390495739742
"2859","09.03.2010",7294,-0.00460959528269359
"2860","08.03.2010",7292.5,-0.000205669626749046
"2861","05.03.2010",7291.3,-0.000164566162825641
"2862","04.03.2010",7173.1,-0.0163439383815236
"2863","03.03.2010",7164.7,-0.00117172801420904
"2864","02.03.2010",7136,-0.00401379492347287
"2865","01.03.2010",7100.8,-0.00494494152157047
"2866","26.02.2010",7035,-0.00930976318978535
"2867","25.02.2010",7013.5,-0.00306082738876337
"2868","24.02.2010",7030.7,0.00244941094536476
"2869","23.02.2010",6974.6,-0.00801129573021579
"2870","22.02.2010",7078.5,0.0147870424596768
"2871","19.02.2010",7083.3,0.000677879956475741
"2872","18.02.2010",7080.4,-0.000409497524026218
"2873","17.02.2010",7035.2,-0.0064042838404557
"2874","16.02.2010",7013.4,-0.0031035145847661
"2875","12.02.2010",6874.6,-0.019989144817817
"2876","11.02.2010",6898.7,0.00349952801368476
"2877","10.02.2010",6819.1,-0.0116054897176454
"2878","09.02.2010",6835.2,0.00235823256576417
"2879","08.02.2010",6713.9,-0.0179057267075257
"2880","05.02.2010",6782.8,0.0102099918547319
"2881","04.02.2010",6787.9,0.000751619332841441
"2882","03.02.2010",7042.6,0.0368358047869194
"2883","02.02.2010",7101.4,0.00831452753723326
"2884","01.02.2010",7008.2,-0.0132110556681777
"2885","29.01.2010",6883.8,-0.0179100669886362
"2886","28.01.2010",6957,0.010577521890489
"2887","27.01.2010",7035.6,0.0112346278345284
"2888","26.01.2010",7028.3,-0.00103811896495215
"2889","25.01.2010",7073.1,0.00635400041513102
"2890","22.01.2010",7030.6,-0.00602680553921339
"2891","21.01.2010",7174.5,0.020261022119326
"2892","20.01.2010",7329.8,0.0214151575903857
"2893","19.01.2010",7443.7,0.0154198066577034
"2894","15.01.2010",7356.8,-0.0117429814676879
"2895","14.01.2010",7448.5,0.0123876142507852
"2896","13.01.2010",7430.1,-0.00247335224821177
"2897","12.01.2010",7370.5,-0.00805377108410301
"2898","11.01.2010",7449,0.0105942486889434
"2899","08.01.2010",7425.4,-0.00317323990255092
"2900","07.01.2010",7393.9,-0.00425121934791241
"2901","06.01.2010",7377.7,-0.00219339902175097
"2902","05.01.2010",7354.9,-0.00309517915401924
"2903","04.01.2010",7326.7,-0.00384154788035265
"2904","31.12.2009",7185,-0.0195296903565648
"2905","30.12.2009",7241.2,0.00779141898866352
"2906","29.12.2009",7252.2,0.00151793259167749
"2907","28.12.2009",7261.2,0.00124023332280992
"2908","24.12.2009",7255,-0.000854218097987828
"2909","23.12.2009",7217.2,-0.00522382028414494
"2910","22.12.2009",7184.2,-0.00458289579597089
"2911","21.12.2009",7147.1,-0.00517749023137206
"2912","18.12.2009",7086.2,-0.00855744931133127
"2913","17.12.2009",7063.8,-0.00316608038326279
"2914","16.12.2009",7180.8,0.0164276471360617
"2915","15.12.2009",7141.4,-0.00550196190412843
"2916","14.12.2009",7186.5,0.0062954304471471
"2917","11.12.2009",7125.1,-0.00858050486520681
"2918","10.12.2009",7104.5,-0.00289537504794966
"2919","09.12.2009",7067.6,-0.00520742633563494
"2920","08.12.2009",7056.3,-0.00160012495288746
"2921","07.12.2009",7155.7,0.0139884070982803
"2922","04.12.2009",7182.7,0.00376611503558877
"2923","03.12.2009",7157,-0.00358445818487929
"2924","02.12.2009",7222.4,0.00909640888461899
"2925","01.12.2009",7212.1,-0.00142713661688079
"2926","30.11.2009",7092.4,-0.0167363828235023
"2927","27.11.2009",7070.1,-0.00314916412067412
"2928","25.11.2009",7232.1,0.0226548263478836
"2929","24.11.2009",7170.3,-0.00858195568750299
"2930","23.11.2009",7186.3,0.00222894092253542
"2931","20.11.2009",7084.5,-0.0142671366407937
"2932","19.11.2009",7117.6,0.00466129092627607
"2933","18.11.2009",7226.7,0.0152119104904028
"2934","17.11.2009",7234.1,0.00102345660626476
"2935","16.11.2009",7237.1,0.000414616623773737
"2936","13.11.2009",7119.9,-0.0163268932874289
"2937","12.11.2009",7063,-0.00802378995464775
"2938","11.11.2009",7155.4,0.0129974259805702
"2939","10.11.2009",7126.4,-0.00406111832644403
"2940","09.11.2009",7135.3,0.00124809821484543
"2941","06.11.2009",6958.3,-0.0251191046575831
"2942","05.11.2009",6950.1,-0.00117914367577761
"2943","04.11.2009",6830.4,-0.0173728109408357
"2944","03.11.2009",6812.7,-0.00259471966496463
"2945","02.11.2009",6784.9,-0.00408896257188969
"2946","30.10.2009",6739.5,-0.00671381658851885
"2947","29.10.2009",6955.3,0.0315182206846138
"2948","28.10.2009",6765.7,-0.0276382288490798
"2949","27.10.2009",6932,0.0242826418216383
"2950","26.10.2009",6960.1,0.00404547020584461
"2951","23.10.2009",7066.8,0.0152139186971841
"2952","22.10.2009",7182.9,0.0162954404796572
"2953","21.10.2009",7107.2,-0.0105948465180742
"2954","20.10.2009",7158.3,0.00716416789598062
"2955","19.10.2009",7222.2,0.00888709301765507
"2956","16.10.2009",7134,-0.0122875286949073
"2957","15.10.2009",7204,0.00976434037700977
"2958","14.10.2009",7182.4,-0.00300283826817907
"2959","13.10.2009",7031.9,-0.0211766494691169
"2960","12.10.2009",7051.2,0.00274087552917186
"2961","09.10.2009",7015.5,-0.00507582825367189
"2962","08.10.2009",6990.7,-0.00354129255865984
"2963","07.10.2009",6912.6,-0.0112348610033277
"2964","06.10.2009",6899.7,-0.00186790089278881
"2965","05.10.2009",6795.1,-0.0152761681988612
"2966","02.10.2009",6674.6,-0.0178924868011757
"2967","01.10.2009",6718,0.00648121379300091
"2968","30.09.2009",6910.9,0.0283093841284614
"2969","29.09.2009",6926.8,0.00229807077729619
"2970","28.09.2009",6939.8,0.00187500956379106
"2971","25.09.2009",6823.5,-0.0169004189636184
"2972","24.09.2009",6862.3,0.00567012581692961
"2973","23.09.2009",6964.7,0.014811871285777
"2974","22.09.2009",7047.1,0.0117616508811105
"2975","21.09.2009",6968.6,-0.0112018409147924
"2976","18.09.2009",7016.9,0.00690718129908679
"2977","17.09.2009",7002.2,-0.00209713967195373
"2978","16.09.2009",7038.1,0.00511386198824662
"2979","15.09.2009",6917.1,-0.0173416407318958
"2980","14.09.2009",6880,-0.00537795470328799
"2981","11.09.2009",6843.8,-0.00527551901909314
"2982","10.09.2009",6850.8,0.00102230084991769
"2983","09.09.2009",6772.4,-0.0115099045041372
"2984","08.09.2009",6726.1,-0.00686004838671579
"2985","04.09.2009",6637.1,-0.0133203597865775
"2986","03.09.2009",6546.6,-0.0137292901916753
"2987","02.09.2009",6474.8,-0.0110281118293027
"2988","01.09.2009",6487.8,0.002005771119741
"2989","31.08.2009",6643.2,0.0236702849119137
"2990","28.08.2009",6709,0.009856133471428
"2991","27.08.2009",6722.3,0.00198044930082444
"2992","26.08.2009",6687.9,-0.00513043436406965
"2993","25.08.2009",6697.2,0.00138960508274522
"2994","24.08.2009",6671.1,-0.00390476472889213
"2995","21.08.2009",6676.3,0.000779178006665594
"2996","20.08.2009",6553.4,-0.0185799429388783
"2997","19.08.2009",6479.3,-0.0113715191014082
"2998","18.08.2009",6437.1,-0.00653435170073008
"2999","17.08.2009",6352.1,-0.0132926612430465
"3000","14.08.2009",6537.8,0.0288152505455456
"3001","13.08.2009",6604.1,0.0100899508417074
"3002","12.08.2009",6538.9,-0.00992171267724786
"3003","11.08.2009",6463.6,-0.0115825174880109
"3004","10.08.2009",6550,0.0132786115312047
"3005","07.08.2009",6586.7,0.00558741472039109
"3006","06.08.2009",6517.7,-0.0105309113998912
"3007","05.08.2009",6558.2,0.00619462209254416
"3008","04.08.2009",6569.1,0.00166066175146448
"3009","03.08.2009",6565.6,-0.000532939478304138
"3010","31.07.2009",6424.3,-0.0217562219038426
"3011","30.07.2009",6384.3,-0.00624582390492371
"3012","29.07.2009",6280.6,-0.0163763342070064
"3013","28.07.2009",6328.7,0.00762932649890477
"3014","27.07.2009",6364.7,0.00567225432482314
"3015","24.07.2009",6337.5,-0.00428272922401861
"3016","23.07.2009",6302.5,-0.00553798883736372
"3017","22.07.2009",6151.4,-0.0242666818916601
"3018","21.07.2009",6154.4,0.000487574974310091
"3019","20.07.2009",6141.3,-0.00213082703003953
"3020","17.07.2009",6038.1,-0.0169470532096235
"3021","16.07.2009",6043,0.000811184456496712
"3022","15.07.2009",5993.2,-0.00827508419256945
"3023","14.07.2009",5805.6,-0.0318025242050618
"3024","13.07.2009",5761.4,-0.00764246825165097
"3025","10.07.2009",5627.5,-0.0235152069313889
"3026","09.07.2009",5667.4,0.00706516498108197
"3027","08.07.2009",5624.6,-0.00758062432897429
"3028","07.07.2009",5654.6,0.00531953875163096
"3029","06.07.2009",5770,0.0202027073175195
"3030","02.07.2009",5775.2,0.000900807322805987
"3031","01.07.2009",5954,0.0304903747507704
"3032","30.06.2009",5905.1,-0.00824687828663494
"3033","29.06.2009",5962.5,0.00967347190750997
"3034","26.06.2009",5907,-0.00935176788936145
"3035","25.06.2009",5911,0.000676933517134338
"3036","24.06.2009",5795.7,-0.0196987585577515
"3037","23.06.2009",5759.5,-0.0062655979000569
"3038","22.06.2009",5725.1,-0.00599064884776293
"3039","19.06.2009",5934.2,0.0358722088421928
"3040","18.06.2009",5906.2,-0.00472957876323703
"3041","17.06.2009",5864.5,-0.00708541963619408
"3042","16.06.2009",5886.8,0.003795329328398
"3043","15.06.2009",5967.3,0.013582007489167
"3044","12.06.2009",6148.6,0.0299298498305801
"3045","11.06.2009",6163.1,0.0023554840849277
"3046","10.06.2009",6098.1,-0.0106026504616066
"3047","09.06.2009",6101.6,0.000573784617002847
"3048","08.06.2009",6068.6,-0.00542309590267631
"3049","05.06.2009",6082.6,0.00230430018348242
"3050","04.06.2009",6110.8,0.00462546136073287
"3051","03.06.2009",6033.9,-0.0126641296642828
"3052","02.06.2009",6182.9,0.0243938492218743
"3053","01.06.2009",6169.1,-0.00223445688823119
"3054","29.05.2009",6004.1,-0.0271103909833198
"3055","28.05.2009",5917.1,-0.014596105187413
"3056","27.05.2009",5823.6,-0.0159278367910245
"3057","26.05.2009",5936.6,0.0192179517071078
"3058","22.05.2009",5789.6,-0.0250733743543606
"3059","21.05.2009",5780.5,-0.0015730204365416
"3060","20.05.2009",5870.4,0.0154325904856411
"3061","19.05.2009",5872.2,0.000306576058811213
"3062","18.05.2009",5865.9,-0.00107342765949001
"3063","15.05.2009",5662.9,-0.0352197945273487
"3064","14.05.2009",5733.5,0.012390036005369
"3065","13.05.2009",5666.5,-0.011754521305356
"3066","12.05.2009",5859.1,0.0334243649851364
"3067","11.05.2009",5849.3,-0.00167401221149922
"3068","08.05.2009",6000.4,0.025504137708095
"3069","07.05.2009",5800.1,-0.033950974889545
"3070","06.05.2009",5890.5,0.0154657249209838
"3071","05.05.2009",5770.8,-0.0205301646145567
"3072","04.05.2009",5800.2,0.0050816806269975
"3073","01.05.2009",5568.8,-0.040712808844158
"3074","30.04.2009",5513.4,-0.00999809811956251
"3075","29.04.2009",5516.1,0.000489596093011309
"3076","28.04.2009",5369.9,-0.0268618024723155
"3077","27.04.2009",5389.8,0.00369899210762601
"3078","24.04.2009",5468.4,0.014477790594621
"3079","23.04.2009",5372.1,-0.0177671755470135
"3080","22.04.2009",5290.6,-0.0152872325401216
"3081","21.04.2009",5339.6,0.00921908281087537
"3082","20.04.2009",5220.1,-0.0226341850002649
"3083","17.04.2009",5480.6,0.0486980252183552
"3084","16.04.2009",5454.3,-0.00481029560633064
"3085","15.04.2009",5385,-0.0127869778028479
"3086","14.04.2009",5301.5,-0.015627511224636
"3087","13.04.2009",5410.3,0.0203147448022858
"3088","09.04.2009",5376.4,-0.00628553897114549
"3089","08.04.2009",5176.4,-0.0379091712494782
"3090","07.04.2009",5120.7,-0.010818685509118
"3091","06.04.2009",5249.5,0.0248416855165991
"3092","03.04.2009",5318.8,0.013114880027555
"3093","02.04.2009",5267.1,-0.0097677875392782
"3094","01.04.2009",5085.8,-0.0350275838679057
"3095","31.03.2009",4979,-0.0212232749331841
"3096","30.03.2009",4899,-0.016197965003608
"3097","27.03.2009",5096.6,0.0395425480861388
"3098","26.03.2009",5230.5,0.0259332250591021
"3099","25.03.2009",5127,-0.019986183000115
"3100","24.03.2009",5064.3,-0.0123047680082479
"3101","23.03.2009",5185.9,0.0237274794530938
"3102","20.03.2009",4832.1,-0.0706622484638034
"3103","19.03.2009",4937.2,0.0215172131050303
"3104","18.03.2009",4975.3,0.00768730141239443
"3105","17.03.2009",4868.1,-0.0217819530685673
"3106","16.03.2009",4728.9,-0.0290110999129944
"3107","13.03.2009",4721,-0.0016719757543196
"3108","12.03.2009",4685,-0.00765472587376421
"3109","11.03.2009",4505.4,-0.0390892383386294
"3110","10.03.2009",4499.4,-0.00133262279849457
"3111","09.03.2009",4226.3,-0.0626171487640022
"3112","06.03.2009",4284.5,0.013676953337777
"3113","05.03.2009",4267.6,-0.00395225079186718
"3114","04.03.2009",4464.9,0.0451952093259162
"3115","03.03.2009",4334.7,-0.0295944139755473
"3116","02.03.2009",4361,0.00604898517509116
"3117","27.02.2009",4617,0.0570437546642226
"3118","26.02.2009",4713,0.0205795044167419
"3119","25.02.2009",4753.2,0.00849342749214038
"3120","24.02.2009",4821.7,0.0143084875412107
"3121","23.02.2009",4633.8,-0.0397492971538086
"3122","20.02.2009",4804.5,0.0361757129140494
"3123","19.02.2009",4881.2,0.0158381125403619
"3124","18.02.2009",4924.5,0.00883165535207255
"3125","17.02.2009",4939.1,0.00296038173946538
"3126","13.02.2009",5206.8,0.052782335243083
"3127","12.02.2009",5256.5,0.00949994242358024
"3128","11.02.2009",5252.7,-0.000723175915504765
"3129","10.02.2009",5214.7,-0.00726066968646408
"3130","09.02.2009",5479.9,0.0496052921864619
"3131","06.02.2009",5475.3,-0.000839783896294079
"3132","05.02.2009",5326,-0.0276465813302071
"3133","04.02.2009",5242.8,-0.0157447806284869
"3134","03.02.2009",5268,0.00479507711778114
"3135","02.02.2009",5166.5,-0.019455307208762
"3136","30.01.2009",5195.8,0.00565513024824127
"3137","29.01.2009",5300.9,0.0200260105420067
"3138","28.01.2009",5501.5,0.0371441648653098
"3139","27.01.2009",5315.4,-0.0344125146639258
"3140","26.01.2009",5244.6,-0.0134092918315443
"3141","23.01.2009",5195.5,-0.00940610952179588
"3142","22.01.2009",5171.7,-0.00459141172365875
"3143","21.01.2009",5274,0.0195876333441893
"3144","20.01.2009",5058.1,-0.0417981692184184
"3145","16.01.2009",5387.5,0.0630905367171895
"3146","15.01.2009",5347.8,-0.00739619404727659
"3147","14.01.2009",5328.7,-0.00357795539289815
"3148","13.01.2009",5538.8,0.0386705648087302
"3149","12.01.2009",5551,0.00220022090960234
"3150","09.01.2009",5702.4,0.0269090471462742
"3151","08.01.2009",5837.1,0.0233469593090048
"3152","07.01.2009",5799,-0.00654860926899957
"3153","06.01.2009",5968.8,0.0288604132808639
"3154","05.01.2009",5908.4,-0.01017083499086
"3155","02.01.2009",5915.7,0.00123476643930513
"3156","31.12.2008",5757,-0.0271933279299403
"3157","30.12.2008",5670,-0.0152273879540118
"3158","29.12.2008",5534.6,-0.0241698215798146
"3159","26.12.2008",5538.2,0.000650242057445896
"3160","24.12.2008",5487.3,-0.00923320694943933
"3161","23.12.2008",5468.3,-0.00346854924400609
"3162","22.12.2008",5520.8,0.00955499530040825
"3163","19.12.2008",5616.1,0.0171146955085317
"3164","18.12.2008",5617.8,0.000302655357974812
"3165","17.12.2008",5769.8,0.0266972896834436
"3166","16.12.2008",5805,0.00608219727564973
"3167","15.12.2008",5497.9,-0.0543534140043696
"3168","12.12.2008",5544,0.00835006074211686
"3169","11.12.2008",5504.7,-0.00711398911072162
"3170","10.12.2008",5631.1,0.0227025321729352
"3171","09.12.2008",5522.5,-0.0194741486376805
"3172","08.12.2008",5639.7,0.0210002162937533
"3173","05.12.2008",5401.3,-0.0431912072683211
"3174","04.12.2008",5232.3,-0.0317887133769718
"3175","03.12.2008",5405.5,0.0325660017900936
"3176","02.12.2008",5309,-0.0180134601491546
"3177","01.12.2008",5092.7,-0.0415953518125567
"3178","28.11.2008",5599.3,0.0948334481389747
"3179","26.11.2008",5547.4,-0.00931224040371329
"3180","25.11.2008",5375.4,-0.0314963596747886
"3181","24.11.2008",5313.8,-0.0115257796521633
"3182","21.11.2008",4959.8,-0.0689417928540734
"3183","20.11.2008",4651.2,-0.0642401665207395
"3184","19.11.2008",5012,0.0747097862113474
"3185","18.11.2008",5365.7,0.0681918058405671
"3186","17.11.2008",5323.4,-0.00791464591246779
"3187","14.11.2008",5452.6,0.023980362174459
"3188","13.11.2008",5715.8,0.0471417108159451
"3189","12.11.2008",5320.7,-0.071629396307154
"3190","11.11.2008",5634.3,0.0572680425276936
"3191","10.11.2008",5802,0.0293297695263477
"3192","07.11.2008",5872,0.0119926056130023
"3193","06.11.2008",5667.4,-0.0354648325323823
"3194","05.11.2008",6012.2,0.059060279357302
"3195","04.11.2008",6345.1,0.0538921233463148
"3196","03.11.2008",6055,-0.0467984844783934
"3197","31.10.2008",6061.1,0.00100692475555634
"3198","30.10.2008",5975,-0.0143072039430375
"3199","29.10.2008",5774.9,-0.0340631575769572
"3200","28.10.2008",5733.5,-0.00719477574439518
"3201","27.10.2008",5196.5,-0.0983408424498827
"3202","24.10.2008",5427.5,0.0434933007239705
"3203","23.10.2008",5671.9,0.0440455358386537
"3204","22.10.2008",5630.5,-0.00732591045402031
"3205","21.10.2008",6051.3,0.0720748768383165
"3206","20.10.2008",6287.6,0.0383063148786862
"3207","17.10.2008",5948.8,-0.055389921326958
"3208","16.10.2008",5970.9,0.00370815126615943
"3209","15.10.2008",5760,-0.0359601951033476
"3210","14.10.2008",6380.5,0.102308989484094
"3211","13.10.2008",6401,0.00320776396797227
"3212","10.10.2008",5704.1,-0.115269013644745
"3213","09.10.2008",5810,0.0183953563486987
"3214","08.10.2008",6306.4,0.0819844198997416
"3215","07.10.2008",6388.4,0.012918855036456
"3216","06.10.2008",6754.9,0.0557843216535661
"3217","03.10.2008",7088.9,0.0482620129578322
"3218","02.10.2008",7155.4,0.00933713599593992
"3219","01.10.2008",7520,0.049698821554393
"3220","30.09.2008",7532.8,0.00170068068201747
"3221","29.09.2008",7204,-0.0446303913300562
"3222","26.09.2008",7890.4,0.091010403343937
"3223","25.09.2008",7927.9,0.00474135276879368
"3224","24.09.2008",7768.8,-0.0202724711284332
"3225","23.09.2008",7785.3,0.00212162789094748
"3226","22.09.2008",7918.6,0.0169770823353648
"3227","19.09.2008",8187.1,0.0333453222817761
"3228","18.09.2008",7775.2,-0.051620563598972
"3229","17.09.2008",7440.4,-0.0440145703664651
"3230","16.09.2008",7793.1,0.0463141159671793
"3231","15.09.2008",7680.1,-0.0146061588996941
"3232","12.09.2008",8091.8,0.0522186353232552
"3233","11.09.2008",8011.3,-0.00999815819129599
"3234","10.09.2008",7957.3,-0.00676329870367916
"3235","09.09.2008",7871.1,-0.0108919223908532
"3236","08.09.2008",8168.6,0.0370997116136426
"3237","05.09.2008",8033.8,-0.01663989413164
"3238","04.09.2008",8008.3,-0.00317913757889453
"3239","03.09.2008",8269.3,0.0320713583154794
"3240","02.09.2008",8297,0.00334414151799019
"3241","29.08.2008",8382.1,0.0102044760764567
"3242","28.08.2008",8466.1,0.00997147422406354
"3243","27.08.2008",8349.8,-0.0138323675025689
"3244","26.08.2008",8263.7,-0.0103651573546107
"3245","25.08.2008",8229,-0.00420792850191308
"3246","22.08.2008",8373.5,0.0174074565688199
"3247","21.08.2008",8314.1,-0.00711908852954583
"3248","20.08.2008",8276.9,-0.00448436650467877
"3249","19.08.2008",8212.5,-0.00781111834744237
"3250","18.08.2008",8281.9,0.00841502686158111
"3251","15.08.2008",8383.7,0.0122169338234213
"3252","14.08.2008",8386,0.00027430425283945
"3253","13.08.2008",8375.4,-0.00126481098394047
"3254","12.08.2008",8398.7,0.00277809420301647
"3255","11.08.2008",8492.9,0.0111535883584576
"3256","08.08.2008",8460.3,-0.00384588634379087
"3257","07.08.2008",8338.4,-0.014513282539338
"3258","06.08.2008",8501.4,0.0193595043731235
"3259","05.08.2008",8471.8,-0.00348785497222918
"3260","04.08.2008",8268.7,-0.024265698844213
"3261","01.08.2008",8379.2,0.0132751425434294
"3262","31.07.2008",8438.6,0.00706397352845423
"3263","30.07.2008",8565.3,0.0149027393608395
"3264","29.07.2008",8419.2,-0.0172043455685434
"3265","28.07.2008",8260.2,-0.019066011549021
"3266","25.07.2008",8395.6,0.0162589587745086
"3267","24.07.2008",8369.9,-0.00306582209061353
"3268","23.07.2008",8580.6,0.0248619041260971
"3269","22.07.2008",8566.7,-0.00162124684872958
"3270","21.07.2008",8499.7,-0.00785172552030629
"3271","18.07.2008",8453.8,-0.00541482433128029
"3272","17.07.2008",8415,-0.00460021678172214
"3273","16.07.2008",8332.8,-0.00981629349076577
"3274","15.07.2008",8157.8,-0.0212250093698535
"3275","14.07.2008",8287.8,0.0158100291696819
"3276","11.07.2008",8347.2,0.00714159933415935
"3277","10.07.2008",8435.9,0.0105702553010558
"3278","09.07.2008",8371.6,-0.00765138345336133
"3279","08.07.2008",8515.8,0.0170782364174441
"3280","07.07.2008",8400.2,-0.0136677464614946
"3281","03.07.2008",8481.5,0.00963180586400513
"3282","02.07.2008",8465.5,-0.00188824036749105
"3283","01.07.2008",8641.3,0.0205539538743614
"3284","30.06.2008",8660.5,0.0022194231676869
"3285","27.06.2008",8623.5,-0.00428142287887953
"3286","26.06.2008",8640.7,0.00199256330334167
"3287","25.06.2008",8865.8,0.02571757992869
"3288","24.06.2008",8803.3,-0.00707452679211616
"3289","23.06.2008",8841.9,0.00437513449241447
"3290","20.06.2008",8829.3,-0.00142604940641252
"3291","19.06.2008",8988.8,0.0179036216525513
"3292","18.06.2008",8999.6,0.001200773976304
"3293","17.06.2008",9074.4,0.00827713035860437
"3294","16.06.2008",9087.9,0.00148659613443379
"3295","13.06.2008",9063.2,-0.00272159981998766
"3296","12.06.2008",8947.7,-0.0128257425564523
"3297","11.06.2008",8941.3,-0.000715523536592818
"3298","10.06.2008",9067.1,0.0139714851252899
"3299","09.06.2008",9149.1,0.00900303618457921
"3300","06.06.2008",9152.5,0.00037155221828856
"3301","05.06.2008",9408.5,0.027586469990308
"3302","04.06.2008",9212.8,-0.0210197145668425
"3303","03.06.2008",9262,0.0053261866228407
"3304","02.06.2008",9316.6,0.00587774721377396
"3305","30.05.2008",9401.1,0.00902894843376439
"3306","29.05.2008",9371.9,-0.00311085319856762
"3307","28.05.2008",9364.3,-0.000811263801286043
"3308","27.05.2008",9314,-0.00538594214605931
"3309","23.05.2008",9315.8,0.000193238790067574
"3310","22.05.2008",9433.3,0.0125340990556816
"3311","21.05.2008",9397,-0.00385549300500659
"3312","20.05.2008",9536,0.0146836209220661
"3313","19.05.2008",9602.8,0.00698061229100975
"3314","16.05.2008",9603,2.08270418319858e-05
"3315","15.05.2008",9553.5,-0.00516797015844256
"3316","14.05.2008",9437.5,-0.01221646492225
"3317","13.05.2008",9410.5,-0.00286502742666144
"3318","12.05.2008",9418,0.000796664672881112
"3319","09.05.2008",9328,-0.00960212221322622
"3320","08.05.2008",9388.5,0.00646490644259222
"3321","07.05.2008",9339.5,-0.00523281843350804
"3322","06.05.2008",9511,0.0181963058830278
"3323","05.05.2008",9438.1,-0.00769433478704324
"3324","02.05.2008",9451.2,0.00138702885762857
"3325","01.05.2008",9395,-0.00596408470540522
"3326","30.04.2008",9299.6,-0.0102062443838955
"3327","29.04.2008",9285.9,-0.0014742678412067
"3328","28.04.2008",9349.6,0.00683644099648387
"3329","25.04.2008",9344.3,-0.000567029901947426
"3330","24.04.2008",9250.2,-0.0101213588226512
"3331","23.04.2008",9237.3,-0.00139553775184219
"3332","22.04.2008",9228,-0.00100729484886219
"3333","21.04.2008",9312.3,0.00909376665347999
"3334","18.04.2008",9310.2,-0.00022553362963078
"3335","17.04.2008",9173.8,-0.014758978139241
"3336","16.04.2008",9203.8,0.0032648470581645
"3337","15.04.2008",8978.2,-0.0248170254663409
"3338","14.04.2008",8922.8,-0.00618961810744918
"3339","11.04.2008",8936.1,0.0014894537131411
"3340","10.04.2008",9096.9,0.0178344437509399
"3341","09.04.2008",9074.8,-0.00243235480400224
"3342","08.04.2008",9150.6,0.00831810956748768
"3343","07.04.2008",9184.7,0.00371960527679039
"3344","04.04.2008",9157.5,-0.00296584051401398
"3345","03.04.2008",9140.6,-0.00184718684512301
"3346","02.04.2008",9104.5,-0.00395723203594844
"3347","01.04.2008",9088.5,-0.00175891871874457
"3348","31.03.2008",8797.3,-0.0325650218470021
"3349","28.03.2008",8762.1,-0.00400925397800955
"3350","27.03.2008",8817.2,0.00626875705404114
"3351","26.03.2008",8881.5,0.00726610235775754
"3352","25.03.2008",8936.2,0.0061399812373298
"3353","24.03.2008",8859.6,-0.00860882602415007
"3354","20.03.2008",8717.6,-0.0161576461904438
"3355","19.03.2008",8549.5,-0.0194711689740288
"3356","18.03.2008",8826.4,0.0318744287574485
"3357","17.03.2008",8489.4,-0.0389289040161347
"3358","14.03.2008",8635.9,0.0171096067027706
"3359","13.03.2008",8827.2,0.0219099303854343
"3360","12.03.2008",8781.2,-0.00522479096839858
"3361","11.03.2008",8842.7,0.00697918731196923
"3362","10.03.2008",8534.4,-0.0354872048740419
"3363","07.03.2008",8676.3,0.0164901155078709
"3364","06.03.2008",8765.4,0.0102169828709574
"3365","05.03.2008",8962.4,0.0222258948779902
"3366","04.03.2008",8891.5,-0.00794228406079822
"3367","03.03.2008",8970.4,0.00883450396295571
"3368","29.02.2008",8962.5,-0.000881062238795171
"3369","28.02.2008",9221.9,0.0285318841651959
"3370","27.02.2008",9292.9,0.00766957763868015
"3371","26.02.2008",9302.8,0.00106476238434887
"3372","25.02.2008",9210.1,-0.0100147221423925
"3373","22.02.2008",9064.8,-0.0159019268873515
"3374","21.02.2008",8977.7,-0.00965505629725304
"3375","20.02.2008",9074,0.0106694564548056
"3376","19.02.2008",9023,-0.00563630822940853
"3377","15.02.2008",8970.8,-0.00580201474236683
"3378","14.02.2008",8968.4,-0.00026757046181747
"3379","13.02.2008",9073.5,0.0116507894247623
"3380","12.02.2008",8965.3,-0.0119965072666885
"3381","11.02.2008",8868.3,-0.0108784492850692
"3382","08.02.2008",8823.1,-0.00510983849207134
"3383","07.02.2008",8859,0.00406060924078295
"3384","06.02.2008",8818.1,-0.00462746411844259
"3385","05.02.2008",8874.5,0.00637556843481142
"3386","04.02.2008",9202.1,0.0362497231307471
"3387","01.02.2008",9277.6,0.00817117378334524
"3388","31.01.2008",9126.2,-0.0164534949887539
"3389","30.01.2008",8994.5,-0.0145361182509989
"3390","29.01.2008",9046,0.00570939163504763
"3391","28.01.2008",8978.4,-0.00750097833574241
"3392","25.01.2008",8827.5,-0.0169498438995046
"3393","24.01.2008",8942.3,0.0129209779701008
"3394","23.01.2008",8805.7,-0.015393587718386
"3395","22.01.2008",8661.2,-0.0165459579681213
"3396","18.01.2008",8794.9,0.0153187269242379
"3397","17.01.2008",8819,0.00273647687780804
"3398","16.01.2008",9073.4,0.028438571160748
"3399","15.01.2008",9172.2,0.0108301141861147
"3400","14.01.2008",9439.3,0.0287046546126943
"3401","11.01.2008",9347.5,-0.00977289699646896
"3402","10.01.2008",9490.8,0.015213980462103
"3403","09.01.2008",9424.7,-0.00698900574247976
"3404","08.01.2008",9326.1,-0.0105169815494124
"3405","07.01.2008",9462.2,0.014487993126527
"3406","04.01.2008",9432,-0.00319675093079965
"3407","03.01.2008",9656,0.0234713205601606
"3408","02.01.2008",9647.5,-0.000880669365593636
"3409","31.12.2007",9740.3,0.00957310357182648
"3410","28.12.2007",9803.9,0.00650834769398269
"3411","27.12.2007",9779.3,-0.00251235885243371
"3412","26.12.2007",9894.2,0.0116808200294745
"3413","24.12.2007",9873.5,-0.00209432635725956
"3414","21.12.2007",9787.9,-0.00870747157873674
"3415","20.12.2007",9622.3,-0.0170636075961113
"3416","19.12.2007",9586.1,-0.00376918877752661
"3417","18.12.2007",9602.5,0.00170934867507019
"3418","17.12.2007",9528.7,-0.00771518420931787
"3419","14.12.2007",9698.4,0.0176526264216314
"3420","13.12.2007",9864.3,0.0169612555746258
"3421","12.12.2007",9921.6,0.00579201958861424
"3422","11.12.2007",9838.3,-0.0084312667024151
"3423","10.12.2007",10104.4,0.0266880406354017
"3424","07.12.2007",10023.6,-0.0080286599787393
"3425","06.12.2007",10030.2,0.000658229386779133
"3426","05.12.2007",9887.6,-0.0143190951318495
"3427","04.12.2007",9748.4,-0.0141782778432995
"3428","03.12.2007",9811.9,0.00649276576283415
"3429","30.11.2007",9856.8,0.00456563758613315
"3430","29.11.2007",9773.6,-0.00847669922060831
"3431","28.11.2007",9791,0.00177872326422118
"3432","27.11.2007",9521.8,-0.0278796898109525
"3433","26.11.2007",9389.5,-0.0139918628948579
"3434","23.11.2007",9583,0.0203986516955012
"3435","21.11.2007",9405.2,-0.0187279675503111
"3436","20.11.2007",9575.3,0.0179241383572608
"3437","19.11.2007",9497.3,-0.00817931848386122
"3438","16.11.2007",9701.4,0.0212626573069733
"3439","15.11.2007",9652.5,-0.00505325583543246
"3440","14.11.2007",9809.2,0.0161037716563335
"3441","13.11.2007",9861,0.00526686253760428
"3442","12.11.2007",9570,-0.0299543778853291
"3443","09.11.2007",9733.3,0.0169197904778649
"3444","08.11.2007",9877.5,0.0147064473606808
"3445","07.11.2007",9830.2,-0.00480016347134877
"3446","06.11.2007",10102.4,0.0273137395494756
"3447","05.11.2007",9958.8,-0.01431643697127
"3448","02.11.2007",10052.3,0.00934488163273642
"3449","01.11.2007",10022.1,-0.00300880950695551
"3450","31.10.2007",10311.6,0.0284768205889942
"3451","30.10.2007",10165,-0.0143190280447307
"3452","29.10.2007",10256.2,0.00893195368789784
"3453","26.10.2007",10189.1,-0.00656387931838171
"3454","25.10.2007",10029.5,-0.0157877711672108
"3455","24.10.2007",10009.3,-0.00201608947063745
"3456","23.10.2007",10041,0.00316205008532142
"3457","22.10.2007",9930.8,-0.0110356721376852
"3458","19.10.2007",9920.3,-0.00105787598462691
"3459","18.10.2007",10174.6,0.025311255741621
"3460","17.10.2007",10165.3,-0.000914458836875572
"3461","16.10.2007",10125.4,-0.00393284129463858
"3462","15.10.2007",10216.3,0.0089373656148418
"3463","12.10.2007",10301.5,0.00830503170044102
"3464","11.10.2007",10245.3,-0.00547045186137324
"3465","10.10.2007",10264.5,0.00187227623952157
"3466","09.10.2007",10280.3,0.00153810240205932
"3467","08.10.2007",10186.4,-0.00917594520349574
"3468","05.10.2007",10247.9,0.00601930926817344
"3469","04.10.2007",10142.9,-0.0102988532160742
"3470","03.10.2007",10101,-0.00413952448214085
"3471","02.10.2007",10175.8,0.0073779234695247
"3472","01.10.2007",10184.5,0.000854604355486179
"3473","28.09.2007",10039.3,-0.0143595659546428
"3474","27.09.2007",10057,0.0017615187449282
"3475","26.09.2007",9980.1,-0.00767579914909083
"3476","25.09.2007",9933.8,-0.00465002670775106
"3477","24.09.2007",9946.4,0.00126759305108924
"3478","21.09.2007",9981.8,0.00355275812518515
"3479","20.09.2007",9936.5,-0.00454858879557386
"3480","19.09.2007",9970.9,0.0034560047258176
"3481","18.09.2007",9909,-0.00622741563525738
"3482","17.09.2007",9607.8,-0.0308681665024133
"3483","14.09.2007",9673.7,0.00683559438838812
"3484","13.09.2007",9678.1,0.000454738068378212
"3485","12.09.2007",9598.7,-0.00823792839365591
"3486","11.09.2007",9597.6,-0.000114605418878029
"3487","10.09.2007",9457.6,-0.0146944161306132
"3488","07.09.2007",9486.4,0.00304054288299821
"3489","06.09.2007",9637.5,0.0158025449184817
"3490","05.09.2007",9583.2,-0.0056501734544636
"3491","04.09.2007",9698.7,0.0119802904742307
"3492","31.08.2007",9597,-0.0105413062737243
"3493","30.08.2007",9456.6,-0.0147376392080773
"3494","29.08.2007",9508.9,0.00551529172166785
"3495","28.08.2007",9289.5,-0.0233434720849929
"3496","27.08.2007",9528.9,0.0254445559662804
"3497","24.08.2007",9607,0.00816271339723277
"3498","23.08.2007",9478.6,-0.0134553733912307
"3499","22.08.2007",9477.1,-0.000158263741579704
"3500","21.08.2007",9332.5,-0.0153754304881892
"3501","20.08.2007",9326.2,-0.000675288229019891
"3502","17.08.2007",9315,-0.00120163952403014
"3503","16.08.2007",9087.1,-0.0247701786688587
"3504","15.08.2007",9089,0.000209065751940271
"3505","14.08.2007",9254.3,0.018023417236368
"3506","13.08.2007",9428.9,0.018691132475765
"3507","10.08.2007",9435,0.000646737971747247
"3508","09.08.2007",9449.3,0.00151448586744389
"3509","08.08.2007",9746.2,0.0309368007622822
"3510","07.08.2007",9606.1,-0.0144791521014758
"3511","06.08.2007",9553.8,-0.00545933224046552
"3512","03.08.2007",9370.6,-0.0193618527565187
"3513","02.08.2007",9619.3,0.026194368605564
"3514","01.08.2007",9573,-0.00482486099312751
"3515","31.07.2007",9554.5,-0.00193438826492716
"3516","30.07.2007",9623.2,0.00716460199843699
"3517","27.07.2007",9508.2,-0.0120222655030453
"3518","26.07.2007",9654.4,0.0152591857879244
"3519","25.07.2007",9930.4,0.0281869892369962
"3520","24.07.2007",9910,-0.00205641087770437
"3521","23.07.2007",10121.6,0.0211274057872962
"3522","20.07.2007",10072.9,-0.00482310474696487
"3523","19.07.2007",10194,0.0119506625356223
"3524","18.07.2007",10148.3,-0.00449310814241133
"3525","17.07.2007",10170.4,0.002175336878337
"3526","16.07.2007",10188.2,0.00174864720910946
"3527","13.07.2007",10220.7,0.00318488771780941
"3528","12.07.2007",10197.7,-0.00225287091328425
"3529","11.07.2007",10014.7,-0.0181081910656896
"3530","10.07.2007",9953.6,-0.00611971882310246
"3531","09.07.2007",10099.6,0.0145615243239419
"3532","06.07.2007",10075.4,-0.00239900982467578
"3533","05.07.2007",10026.2,-0.00489514250068473
"3534","03.07.2007",10032.6,0.000638123937341688
"3535","02.07.2007",9997.4,-0.00351473152635554
"3536","29.06.2007",9873,-0.0125213005588732
"3537","28.06.2007",9865.8,-0.000729527663214328
"3538","27.06.2007",9848.9,-0.00171445714513563
"3539","26.06.2007",9774.3,-0.00760328176693836
"3540","25.06.2007",9807.2,0.00336031774462316
"3541","22.06.2007",9849,0.00425311738891774
"3542","21.06.2007",9960.8,0.0112874624685003
"3543","20.06.2007",9905.1,-0.00560761364535874
"3544","19.06.2007",10026.5,0.0121818119242444
"3545","18.06.2007",10005.5,-0.0020966461354701
"3546","15.06.2007",10013.9,0.000839186038838654
"3547","14.06.2007",9926.8,-0.00873595750732762
"3548","13.06.2007",9863.5,-0.00639709512920564
"3549","12.06.2007",9724.5,-0.0141926009007635
"3550","11.06.2007",9841.7,0.0119799860687609
"3551","08.06.2007",9826.1,-0.00158634959390031
"3552","07.06.2007",9720.9,-0.0107639039973728
"3553","06.06.2007",9895,0.0177513722760183
"3554","05.06.2007",10001.5,0.0107055026906416
"3555","04.06.2007",10064,0.00622961821291423
"3556","01.06.2007",10042.6,-0.00212865507650126
"3557","31.05.2007",9978.6,-0.00639324495957129
"3558","30.05.2007",9963.6,-0.00150434784816397
"3559","29.05.2007",9892.5,-0.00716155779640588
"3560","25.05.2007",9876.1,-0.0016591972888667
"3561","24.05.2007",9812.5,-0.00646061388004882
"3562","23.05.2007",9913.7,0.010260555793958
"3563","22.05.2007",9901,-0.00128187676210718
"3564","21.05.2007",9897.5,-0.00035356214222895
"3565","18.05.2007",9893.7,-0.000384009059248111
"3566","17.05.2007",9819,-0.0075789067517473
"3567","16.05.2007",9825.4,0.000651585207635133
"3568","15.05.2007",9764.7,-0.00619702750428107
"3569","14.05.2007",9765.4,7.16842207975149e-05
"3570","11.05.2007",9787,0.00220944833237765
"3571","10.05.2007",9669.4,-0.0120887144733132
"3572","09.05.2007",9827.9,0.0162590196266227
"3573","08.05.2007",9788,-0.00406813401656661
"3574","07.05.2007",9825.1,0.00378319024015146
"3575","04.05.2007",9793,-0.00327249108191916
"3576","03.05.2007",9753.9,-0.00400063970757474
"3577","02.05.2007",9718,-0.00368736904737145
"3578","01.05.2007",9639.8,-0.00807947446444358
"3579","30.04.2007",9627.7,-0.00125600120313316
"3580","27.04.2007",9705.4,0.00803807132359773
"3581","26.04.2007",9715.5,0.00104011666921211
"3582","25.04.2007",9746.6,0.00319595793585075
"3583","24.04.2007",9648.5,-0.0101160433905217
"3584","23.04.2007",9660.6,0.00125329524253727
"3585","20.04.2007",9697.3,0.00379173815036732
"3586","19.04.2007",9601.7,-0.00990733011745686
"3587","18.04.2007",9634.9,0.00345175685555552
"3588","17.04.2007",9631.7,-0.000332181083265802
"3589","16.04.2007",9625.5,-0.000643915025468342
"3590","13.04.2007",9522.9,-0.0107164026123443
"3591","12.04.2007",9477.8,-0.00474720243964797
"3592","11.04.2007",9413.6,-0.00679676965696827
"3593","10.04.2007",9468.7,0.00583617000006578
"3594","09.04.2007",9429.2,-0.0041803647519923
"3595","05.04.2007",9426.6,-0.000275777216185827
"3596","04.04.2007",9398.6,-0.00297473818581691
"3597","03.04.2007",9381.5,-0.00182107706836054
"3598","02.04.2007",9305.5,-0.00813404174341097
"3599","30.03.2007",9261.8,-0.0047072089847584
"3600","29.03.2007",9279.1,0.0018661451192338
"3601","28.03.2007",9218.5,-0.00655222480804833
"3602","27.03.2007",9288.8,0.00759703880235085
"3603","26.03.2007",9341.4,0.00564676061088744
"3604","23.03.2007",9338.4,-0.000321202585230377
"3605","22.03.2007",9313.8,-0.00263776007800088
"3606","21.03.2007",9317.7,0.000418645847834239
"3607","20.03.2007",9158.3,-0.0172552451836277
"3608","19.03.2007",9091,-0.00737565880280104
"3609","16.03.2007",8983,-0.0119510108926516
"3610","15.03.2007",9005.3,0.00247939065102043
"3611","14.03.2007",8958.6,-0.00519932811955381
"3612","13.03.2007",8926.9,-0.00354477461560075
"3613","12.03.2007",9120.9,0.0214992932648646
"3614","09.03.2007",9095,-0.00284367145771434
"3615","08.03.2007",9078.7,-0.00179380141311241
"3616","07.03.2007",8999.2,-0.00879532606049401
"3617","06.03.2007",9006,0.000755337382900651
"3618","05.03.2007",8838,-0.0188304151708317
"3619","02.03.2007",8958,0.0134863810765602
"3620","01.03.2007",9074.3,0.0128992544045241
"3621","28.02.2007",9124.5,0.00551686125710013
"3622","27.02.2007",9079.4,-0.00495499231201777
"3623","26.02.2007",9421.4,0.0369755863682421
"3624","23.02.2007",9420.2,-0.000127377717563436
"3625","22.02.2007",9433.1,0.00136846090744183
"3626","21.02.2007",9433.5,4.24029766953797e-05
"3627","20.02.2007",9453.9,0.00216017111225213
"3628","16.02.2007",9433.4,-0.00217077168786357
"3629","15.02.2007",9435,0.000169595726594206
"3630","14.02.2007",9427.3,-0.00081644342712421
"3631","13.02.2007",9351.3,-0.00809436432444668
"3632","12.02.2007",9258.3,-0.00999492457787594
"3633","09.02.2007",9291.7,0.00360108205861799
"3634","08.02.2007",9345.5,0.00577341547441099
"3635","07.02.2007",9353.6,0.000866351910694344
"3636","06.02.2007",9345.3,-0.000887752813813296
"3637","05.02.2007",9313.2,-0.00344079445502001
"3638","02.02.2007",9325.2,0.00128766435510338
"3639","01.02.2007",9327.7,0.000268054834901801
"3640","31.01.2007",9254.7,-0.00785693726673429
"3641","30.01.2007",9206.4,-0.00523263621413568
"3642","29.01.2007",9139.5,-0.00729321500056993
"3643","26.01.2007",9154.1,0.00159618698340832
"3644","25.01.2007",9154.7,6.5542252929313e-05
"3645","24.01.2007",9268.5,0.0123541455761476
"3646","23.01.2007",9199.7,-0.00745067935933946
"3647","22.01.2007",9130.9,-0.00750660895642461
"3648","19.01.2007",9179.5,0.00530847104688049
"3649","18.01.2007",9125.4,-0.00591100279388229
"3650","17.01.2007",9146.3,0.00228769179825297
"3651","16.01.2007",9139.6,-0.000732805090241758
"3652","12.01.2007",9139.9,3.2823654916886e-05
"3653","11.01.2007",9063.1,-0.008438219601404
"3654","10.01.2007",9003.1,-0.00664226241247055
"3655","09.01.2007",9023.9,0.00230765066072377
"3656","08.01.2007",9041.1,0.00190423528341298
"3657","05.01.2007",9025,-0.00178234419848676
"3658","04.01.2007",9113.2,0.00972540772381347
"3659","03.01.2007",9132.2,0.00208271749241376
"3660","29.12.2006",9139,0.000744340854892579
"3661","28.12.2006",9172.8,0.00369161288191656
"3662","27.12.2006",9179.4,0.000719259847270076
"3663","26.12.2006",9102.3,-0.0084347141789056
"3664","22.12.2006",9062.1,-0.00442624756469395
"3665","21.12.2006",9103.5,0.00455807368623087
"3666","20.12.2006",9128.9,0.00278625045875316
"3667","19.12.2006",9139.4,0.00114953237643862
"3668","18.12.2006",9105,-0.00377102461750308
"3669","15.12.2006",9140.4,0.00388043500503433
"3670","14.12.2006",9147.2,0.000743673342964225
"3671","13.12.2006",9082.1,-0.007142378121854
"3672","12.12.2006",9059.3,-0.0025135890289004
"3673","11.12.2006",9064.7,0.000595894963561246
"3674","08.12.2006",9042.2,-0.00248524171236359
"3675","07.12.2006",9042,-2.21187555997544e-05
"3676","06.12.2006",9047.8,0.000641245364652225
"3677","05.12.2006",9064.9,0.00188817846929892
"3678","04.12.2006",9019,-0.00507634952279359
"3679","01.12.2006",8949.1,-0.00778049461238587
"3680","30.11.2006",8969,0.00222121856468082
"3681","29.11.2006",8947.2,-0.00243355295862122
"3682","28.11.2006",8851.6,-0.0107424005376708
"3683","27.11.2006",8820.6,-0.00350833872373541
"3684","24.11.2006",8933.4,0.0127071665915841
"3685","22.11.2006",8948.9,0.00173355819796647
"3686","21.11.2006",8918.1,-0.00344770028645312
"3687","20.11.2006",8884.2,-0.00380850125834476
"3688","17.11.2006",8897.2,0.00146220233684685
"3689","16.11.2006",8894.5,-0.000303512314250761
"3690","15.11.2006",8901.5,0.000786693679592962
"3691","14.11.2006",8880.5,-0.00236194013753585
"3692","13.11.2006",8824,-0.00638257977404314
"3693","10.11.2006",8828,0.000453206443288701
"3694","09.11.2006",8813.7,-0.00162115931365881
"3695","08.11.2006",8857.5,0.0049572286766588
"3696","07.11.2006",8835.2,-0.00252081500379174
"3697","06.11.2006",8819.6,-0.00176722523733039
"3698","03.11.2006",8716.8,-0.0117243194234212
"3699","02.11.2006",8722.6,0.000665160523165513
"3700","01.11.2006",8718.1,-0.000516034344935589
"3701","31.10.2006",8775,0.00650544508075292
"3702","30.10.2006",8766.8,-0.000934909826502707
"3703","27.10.2006",8779.9,0.00149315853509732
"3704","26.10.2006",8845.3,0.00742122644353589
"3705","25.10.2006",8795.8,-0.00561190967805224
"3706","24.10.2006",8750.1,-0.00520920595036162
"3707","23.10.2006",8736.6,-0.00154403091286922
"3708","20.10.2006",8702,-0.00396821366428843
"3709","19.10.2006",8700.8,-0.000137908842473911
"3710","18.10.2006",8663.5,-0.0042961774872501
"3711","17.10.2006",8646.5,-0.00196418318492449
"3712","16.10.2006",8692.5,0.00530597011603962
"3713","13.10.2006",8645.5,-0.00542163053717243
"3714","12.10.2006",8626.9,-0.00215372585045839
"3715","11.10.2006",8540.6,-0.0100539655684792
"3716","10.10.2006",8563.6,0.00268939954666086
"3717","09.10.2006",8538.4,-0.0029470258728122
"3718","06.10.2006",8534.3,-0.000480298966047398
"3719","05.10.2006",8570.5,0.00423273631340388
"3720","04.10.2006",8538.7,-0.0037173025762265
"3721","03.10.2006",8447.8,-0.010702718947506
"3722","02.10.2006",8461.4,0.00160859211938803
"3723","29.09.2006",8469.7,0.000980444349732771
"3724","28.09.2006",8490.7,0.00247635795519077
"3725","27.09.2006",8476.5,-0.00167381810968295
"3726","26.09.2006",8451.8,-0.00291819232036874
"3727","25.09.2006",8398.4,-0.00633822491960367
"3728","22.09.2006",8344.7,-0.00641460471876604
"3729","21.09.2006",8373.3,0.00342146523511249
"3730","20.09.2006",8391.8,0.00220696655659638
"3731","19.09.2006",8347.6,-0.00528096619030259
"3732","18.09.2006",8390.5,0.00512604106054085
"3733","15.09.2006",8363.5,-0.0032231136891531
"3734","14.09.2006",8357.8,-0.000681765200167764
"3735","13.09.2006",8382.7,0.00297482373440089
"3736","12.09.2006",8348.3,-0.00411213298359719
"3737","11.09.2006",8262.2,-0.0103670294252296
"3738","08.09.2006",8294.6,0.00391380476399199
"3739","07.09.2006",8287.8,-0.00082014670749282
"3740","06.09.2006",8345.2,0.00690196932174997
"3741","05.09.2006",8453,0.0128348846732086
"3742","01.09.2006",8435.8,-0.00203685352974449
"3743","31.08.2006",8388.6,-0.00561091317734933
"3744","30.08.2006",8388.4,-2.38421648697888e-05
"3745","29.08.2006",8383.6,-0.00057238255795945
"3746","28.08.2006",8359.2,-0.00291468777910352
"3747","25.08.2006",8318,-0.00494088741704422
"3748","24.08.2006",8327.6,0.00115345809876157
"3749","23.08.2006",8320.2,-0.000889006413744917
"3750","22.08.2006",8364.2,0.00527440027858912
"3751","21.08.2006",8361.7,-0.000298937578081614
"3752","18.08.2006",8379.9,0.00217422554232216
"3753","17.08.2006",8354.1,-0.00308354493160417
"3754","16.08.2006",8357.4,0.000394937622941335
"3755","15.08.2006",8296,-0.00737390301267741
"3756","14.08.2006",8169.7,-0.0153412824357419
"3757","11.08.2006",8163.3,-0.000783689503160054
"3758","10.08.2006",8209.8,0.00568006364335808
"3759","09.08.2006",8192.6,-0.00209725482910839
"3760","08.08.2006",8210.2,0.00214597590098176
"3761","07.08.2006",8238.5,0.00344100481179348
"3762","04.08.2006",8270.9,0.00392504168486549
"3763","03.08.2006",8262.4,-0.00102822797008304
"3764","02.08.2006",8259.9,-0.000302621308059915
"3765","01.08.2006",8206.1,-0.00653470077111281
"3766","31.07.2006",8242.1,0.0043773856694955
"3767","28.07.2006",8255,0.0015639115516369
"3768","27.07.2006",8144.9,-0.0134271128642927
"3769","26.07.2006",8164.3,0.00237902645745414
"3770","25.07.2006",8149.8,-0.0017776038908898
"3771","24.07.2006",8099.9,-0.00614167115119087
"3772","21.07.2006",7953.1,-0.0182899261557294
"3773","20.07.2006",8007.5,0.0068168127337334
"3774","19.07.2006",8076.6,0.0085923893947891
"3775","18.07.2006",7898.4,-0.0223107845808625
"3776","17.07.2006",7892.9,-0.000696586123042198
"3777","14.07.2006",7950.1,0.00722088601142205
"3778","13.07.2006",7991.9,0.00524402155197497
"3779","12.07.2006",8113.2,0.0150638361470377
"3780","11.07.2006",8206.3,0.011409787064896
"3781","10.07.2006",8175.2,-0.00379697065152918
"3782","07.07.2006",8155,-0.00247394524288505
"3783","06.07.2006",8197.8,0.00523458951738276
"3784","05.07.2006",8163.9,-0.00414382961537924
"3785","03.07.2006",8241.5,0.00946037021429297
"3786","30.06.2006",8169.1,-0.00882362250405042
"3787","29.06.2006",8138.9,-0.00370370793748441
"3788","28.06.2006",7929.7,-0.0260398318380308
"3789","27.06.2006",7886.5,-0.00546276696431616
"3790","26.06.2006",7966.8,0.0101304695855852
"3791","23.06.2006",7924.6,-0.00531106122756661
"3792","22.06.2006",7920.3,-0.000542761406580249
"3793","21.06.2006",7953.5,0.00418299945944799
"3794","20.06.2006",7860.4,-0.0117745876248032
"3795","19.06.2006",7850.2,-0.00129848655470283
"3796","16.06.2006",7933.9,0.0106057088530767
"3797","15.06.2006",7976.5,0.00535500072906619
"3798","14.06.2006",7780.3,-0.0249048209007374
"3799","13.06.2006",7719.8,-0.00780644089282953
"3800","12.06.2006",7855.4,0.0174127364246995
"3801","09.06.2006",7965.3,0.0138934140460914
"3802","08.06.2006",7992.5,0.00340899451572026
"3803","07.06.2006",8037.1,0.00556471965496715
"3804","06.06.2006",8100.7,0.00788215609068113
"3805","05.06.2006",8145.5,0.00551514982657912
"3806","02.06.2006",8305.3,0.0194282377063377
"3807","01.06.2006",8270.9,-0.00415053503020998
"3808","31.05.2006",8189.1,-0.00993932848348721
"3809","30.05.2006",8111,-0.00958283662851983
"3810","26.05.2006",8241.2,0.0159247992979593
"3811","25.05.2006",8187.4,-0.0065495772398431
"3812","24.05.2006",8062.9,-0.0153230938519869
"3813","23.05.2006",8095,0.00397329383526147
"3814","22.05.2006",8094.8,-2.47069142311689e-05
"3815","19.05.2006",8176.1,0.00999338409094946
"3816","18.05.2006",8148.2,-0.00341822034216856
"3817","17.05.2006",8199.4,0.00626393689724327
"3818","16.05.2006",8387.6,0.0226934438690621
"3819","15.05.2006",8378.2,-0.00112133044470875
"3820","12.05.2006",8411.3,0.00394294563665381
"3821","11.05.2006",8526.7,0.013626376856691
"3822","10.05.2006",8631.6,0.0122274709000843
"3823","09.05.2006",8647,0.00178255229911942
"3824","08.05.2006",8623.2,-0.00275619449301152
"3825","05.05.2006",8632.9,0.00112424024219432
"3826","04.05.2006",8531.6,-0.0118035685427457
"3827","03.05.2006",8497.2,-0.00404021972113866
"3828","02.05.2006",8541.8,0.0052350609611374
"3829","01.05.2006",8461.8,-0.00940984148061664
"3830","28.04.2006",8471.4,0.00113386731728496
"3831","27.04.2006",8440.5,-0.00365423570209096
"3832","26.04.2006",8429.9,-0.00125663901210503
"3833","25.04.2006",8405.9,-0.00285106929961034
"3834","24.04.2006",8440.6,0.00411955588089056
"3835","21.04.2006",8461.1,0.00242579267797159
"3836","20.04.2006",8422.1,-0.00461998547299548
"3837","19.04.2006",8431.3,0.00109176794164173
"3838","18.04.2006",8389.4,-0.00498196706000537
"3839","17.04.2006",8242.2,-0.0177017056380165
"3840","13.04.2006",8228,-0.00172432678636675
"3841","12.04.2006",8220.5,-0.000911937321916105
"3842","11.04.2006",8214.5,-0.000730149104540218
"3843","10.04.2006",8283.1,0.0083164090994349
"3844","07.04.2006",8270.7,-0.0014981457211341
"3845","06.04.2006",8359.8,0.0107153546229086
"3846","05.04.2006",8369.2,0.00112379711749517
"3847","04.04.2006",8324.8,-0.0053192889290572
"3848","03.04.2006",8269.7,-0.00664077887156502
"3849","31.03.2006",8233.2,-0.00442347217962848
"3850","30.03.2006",8271.8,0.00467737902136363
"3851","29.03.2006",8249.4,-0.00271166909496611
"3852","28.03.2006",8175.7,-0.0089741304002486
"3853","27.03.2006",8232,0.00686265850289105
"3854","24.03.2006",8252.4,0.00247506859990516
"3855","23.03.2006",8227,-0.00308263894486035
"3856","22.03.2006",8255.9,0.00350666807595711
"3857","21.03.2006",8199.8,-0.00681833253389233
"3858","20.03.2006",8255.6,0.00678199422422536
"3859","17.03.2006",8271.6,0.00193620274438602
"3860","16.03.2006",8261.9,-0.00117337540302075
"3861","15.03.2006",8236.7,-0.00305480702567154
"3862","14.03.2006",8197.6,-0.00475834976540592
"3863","13.03.2006",8114.1,-0.0102381394174412
"3864","10.03.2006",8079.2,-0.00431043135571981
"3865","09.03.2006",8007.8,-0.00887679105414679
"3866","08.03.2006",8026.1,0.0022826645976463
"3867","07.03.2006",8017.4,-0.00108455148225549
"3868","06.03.2006",8067.4,0.00621706966200505
"3869","03.03.2006",8119.9,0.00648658937335788
"3870","02.03.2006",8126.5,0.000812487734276617
"3871","01.03.2006",8130.6,0.000504395013492598
"3872","28.02.2006",8060.6,-0.00864672613934916
"3873","27.02.2006",8139.7,0.00976532886319323
"3874","24.02.2006",8126,-0.00168452673289535
"3875","23.02.2006",8107.8,-0.00224223627557664
"3876","22.02.2006",8128.2,0.00251293554265034
"3877","21.02.2006",8082.7,-0.005613521702252
"3878","17.02.2006",8092.4,0.00119937449076505
"3879","16.02.2006",8086.7,-0.000704612770281062
"3880","15.02.2006",8019.8,-0.00830725293922626
"3881","14.02.2006",8021.6,0.000224419315964348
"3882","13.02.2006",7947.8,-0.00924274241777649
"3883","10.02.2006",7980,0.00404325065191524
"3884","09.02.2006",7980.2,2.50623425784631e-05
"3885","08.02.2006",7974.9,-0.000664364396956822
"3886","07.02.2006",7932.5,-0.00533086493212537
"3887","06.02.2006",8019.9,0.0109577084975428
"3888","03.02.2006",8001.4,-0.00230942660363437
"3889","02.02.2006",8038,0.00456376965788733
"3890","01.02.2006",8112.2,0.00918880535023973
"3891","31.01.2006",8106.5,-0.000702892369262338
"3892","30.01.2006",8105.3,-0.000148040316583201
"3893","27.01.2006",8096.1,-0.0011357044439203
"3894","26.01.2006",8044,-0.00645599233707765
"3895","25.01.2006",7969.5,-0.009304716333435
"3896","24.01.2006",7973,0.000439077943387854
"3897","23.01.2006",7953.9,-0.00239845910456286
"3898","20.01.2006",7902.3,-0.00650851807511803
"3899","19.01.2006",8018.2,0.0145601014448226
"3900","18.01.2006",7953,-0.00816474181050208
"3901","17.01.2006",7992.6,0.00496689762833686
"3902","13.01.2006",8025.9,0.00415769865716599
"3903","12.01.2006",8008.1,-0.00222028281306243
"3904","11.01.2006",8063.5,0.00689417599099455
"3905","10.01.2006",8030.6,-0.00408846047040101
"3906","09.01.2006",8053.4,0.00283511754190381
"3907","06.01.2006",8031.7,-0.00269815085572333
"3908","05.01.2006",7944.1,-0.0109666968737533
"3909","04.01.2006",7962.9,0.00236374033486955
"3910","03.01.2006",7912.4,-0.00636210595554546
"3911","30.12.2005",7754,-0.0202223099110464
"3912","29.12.2005",7788.1,0.00438808844585798
"3913","28.12.2005",7795.8,0.000988199440013326
"3914","27.12.2005",7767.9,-0.00358526955491442
"3915","23.12.2005",7841.9,0.00948129436012199
"3916","22.12.2005",7833.8,-0.0010334467642157
"3917","21.12.2005",7806.8,-0.00345255640069088
"3918","20.12.2005",7777.3,-0.00378591452001066
"3919","19.12.2005",7778.6,0.00016713915659356
"3920","16.12.2005",7814,0.00454062322138623
"3921","15.12.2005",7815.7,0.000217534566460404
"3922","14.12.2005",7852.2,0.00465921610801358
"3923","13.12.2005",7825,-0.00347001088113596
"3924","12.12.2005",7791,-0.00435451507749583
"3925","09.12.2005",7762.6,-0.00365189172443689
"3926","08.12.2005",7743.4,-0.00247646199053042
"3927","07.12.2005",7731.3,-0.0015638432365067
"3928","06.12.2005",7775.9,0.00575218259589463
"3929","05.12.2005",7759.2,-0.00214997089594585
"3930","02.12.2005",7760.9,0.000219070754286125
"3931","01.12.2005",7756.5,-0.000567105329233294
"3932","30.11.2005",7645.3,-0.0144401215769388
"3933","29.11.2005",7693,0.00621974453148758
"3934","28.11.2005",7687.4,-0.000728199558849212
"3935","25.11.2005",7747.5,0.00778758576181789
"3936","23.11.2005",7743.3,-0.000542257353127694
"3937","22.11.2005",7715.4,-0.00360962180432744
"3938","21.11.2005",7676.6,-0.00504159072032969
"3939","18.11.2005",7634.6,-0.00548619381159881
"3940","17.11.2005",7601.1,-0.00439757332935813
"3941","16.11.2005",7519,-0.0108598232651347
"3942","15.11.2005",7509.4,-0.00127758128686639
"3943","14.11.2005",7549.2,0.00528602827282372
"3944","11.11.2005",7561.4,0.00161476085011974
"3945","10.11.2005",7530.1,-0.00414803629586249
"3946","09.11.2005",7501,-0.00387197694860517
"3947","08.11.2005",7489.7,-0.00150760166506953
"3948","07.11.2005",7519.4,0.00395760422210541
"3949","04.11.2005",7507.6,-0.00157050674457736
"3950","03.11.2005",7534.8,0.0036164481259693
"3951","02.11.2005",7509.8,-0.00332345466295463
"3952","01.11.2005",7425.2,-0.0113292139100414
"3953","31.10.2005",7433.1,0.0010633788178227
"3954","28.10.2005",7369.5,-0.00859313787607812
"3955","27.10.2005",7263.3,-0.0145155902779164
"3956","26.10.2005",7334.8,0.00979587367611327
"3957","25.10.2005",7361.8,0.00367432336410612
"3958","24.10.2005",7374.5,0.00172363526044138
"3959","21.10.2005",7254.5,-0.0164061373438172
"3960","20.10.2005",7234.1,-0.00281600892851461
"3961","19.10.2005",7363.1,0.0176750826698816
"3962","18.10.2005",7277.9,-0.011638680657869
"3963","17.10.2005",7370.8,0.0126838894214681
"3964","14.10.2005",7362.6,-0.00111311725014869
"3965","13.10.2005",7293.1,-0.00948443554191198
"3966","12.10.2005",7322.7,0.0040504167363833
"3967","11.10.2005",7380.8,0.00790292139852774
"3968","10.10.2005",7385.6,0.000650124630115028
"3969","07.10.2005",7435.2,0.00669332089704283
"3970","06.10.2005",7399.7,-0.00478602050078321
"3971","05.10.2005",7436.4,0.00494740192613144
"3972","04.10.2005",7558.1,0.0162329750793389
"3973","03.10.2005",7626.2,0.00896985130692322
"3974","30.09.2005",7633,0.000891265656146396
"3975","29.09.2005",7632.5,-6.55071894374428e-05
"3976","28.09.2005",7575.1,-0.00754889299846757
"3977","27.09.2005",7548.6,-0.00350443702542502
"3978","26.09.2005",7556.5,0.001046004425035
"3979","23.09.2005",7518.9,-0.00498826936149925
"3980","22.09.2005",7519.9,0.00013298933445144
"3981","21.09.2005",7515,-0.000651816796052701
"3982","20.09.2005",7562.8,0.00634046878669894
"3983","19.09.2005",7611.9,0.00647132020410758
"3984","16.09.2005",7646.3,0.0045090585106926
"3985","15.09.2005",7583.1,-0.00829978368173905
"3986","14.09.2005",7577.3,-0.000765151352599032
"3987","13.09.2005",7578.3,0.000131964422583246
"3988","12.09.2005",7637.5,0.00778142440303152
"3989","09.09.2005",7663.8,0.0034376197969354
"3990","08.09.2005",7594.6,-0.0090704758616088
"3991","07.09.2005",7625.2,0.0040210832246442
"3992","06.09.2005",7619,-0.00081342416681186
"3993","02.09.2005",7531.1,-0.0116040140107385
"3994","01.09.2005",7543.9,0.00169817619582819
"3995","31.08.2005",7496.1,-0.00635640438058508
"3996","30.08.2005",7397.1,-0.0132948537868405
"3997","29.08.2005",7414,0.00228207322000378
"3998","26.08.2005",7379.9,-0.00461001634346467
"3999","25.08.2005",7434.6,0.00738469048328944
"4000","24.08.2005",7417.4,-0.00231618740768089
"4001","23.08.2005",7453.8,0.00489537800486486
"4002","22.08.2005",7486.5,0.00437742913008729
"4003","19.08.2005",7458.5,-0.00374707698378845
"4004","18.08.2005",7433.2,-0.00339786919448956
"4005","17.08.2005",7461.8,0.00384021955658813
"4006","16.08.2005",7480.2,0.00246285762290033
"4007","15.08.2005",7564.8,0.0112463797526854
"4008","12.08.2005",7558.3,-0.000859612169496419
"4009","11.08.2005",7590.8,0.00429069051765049
"4010","10.08.2005",7528.4,-0.00825445186341487
"4011","09.08.2005",7505.6,-0.00303312724221528
"4012","08.08.2005",7452.7,-0.00707302575006044
"4013","05.08.2005",7453.3,8.0504494877733e-05
"4014","04.08.2005",7515.2,0.00827074895371971
"4015","03.08.2005",7566.5,0.00680297285435034
"4016","02.08.2005",7556.6,-0.00130925556455668
"4017","01.08.2005",7502.1,-0.00723837223080651
"4018","29.07.2005",7476.7,-0.00339146318075465
"4019","28.07.2005",7516.8,0.00534899731363072
"4020","27.07.2005",7465.4,-0.00686150253769208
"4021","26.07.2005",7428.1,-0.00500890697088063
"4022","25.07.2005",7423.3,-0.000646403728555645
"4023","22.07.2005",7447.2,0.00321442057481468
"4024","21.07.2005",7412.4,-0.00468384931242643
"4025","20.07.2005",7453.4,0.00551603061489806
"4026","19.07.2005",7414.6,-0.00521927469446292
"4027","18.07.2005",7372.4,-0.00570773173282129
"4028","15.07.2005",7403.6,0.00422307070509412
"4029","14.07.2005",7403.4,-2.70142500186058e-05
"4030","13.07.2005",7400.8,-0.000351251675434191
"4031","12.07.2005",7411.9,0.00149871422194246
"4032","11.07.2005",7382.5,-0.00397448206097347
"4033","08.07.2005",7330.6,-0.00705496669853691
"4034","07.07.2005",7254.6,-0.0104216175112847
"4035","06.07.2005",7251.9,-0.000372246928091364
"4036","05.07.2005",7289.7,0.005198889412387
"4037","01.07.2005",7245.6,-0.00606800483181288
"4038","30.06.2005",7217.8,-0.00384419074840418
"4039","29.06.2005",7262.3,0.00614638574230051
"4040","28.06.2005",7267.9,0.000770808423458437
"4041","27.06.2005",7210.3,-0.00795683218816362
"4042","24.06.2005",7209.1,-0.000166442432108117
"4043","23.06.2005",7246.5,0.00517447680474942
"4044","22.06.2005",7320.1,0.0101053954016586
"4045","21.06.2005",7314.3,-0.000792652968851139
"4046","20.06.2005",7325.7,0.00155737736395529
"4047","17.06.2005",7346.3,0.00280807163800072
"4048","16.06.2005",7289.8,-0.00772067431322242
"4049","15.06.2005",7256.4,-0.00459227271694452
"4050","14.06.2005",7235.1,-0.00293965639703286
"4051","13.06.2005",7213,-0.00305922816646199
"4052","10.06.2005",7200.1,-0.00179003870708671
"4053","09.06.2005",7212.1,0.00166525620974973
"4054","08.06.2005",7180.6,-0.00437722599585428
"4055","07.06.2005",7199.3,0.00260085404505656
"4056","06.06.2005",7184.5,-0.0020578713862766
"4057","03.06.2005",7169.2,-0.00213185531181913
"4058","02.06.2005",7206.1,0.00513381717875899
"4059","01.06.2005",7190.6,-0.0021532720677539
"4060","31.05.2005",7134.3,-0.00786047928911776
"4061","27.05.2005",7184.9,0.00706746335245936
"4062","26.05.2005",7164.5,-0.00284332637513151
"4063","25.05.2005",7129.2,-0.00493924900696148
"4064","24.05.2005",7154,0.00347261466926708
"4065","23.05.2005",7156,0.000279524809646627
"4066","20.05.2005",7121,-0.00490300064648504
"4067","19.05.2005",7141,0.00280465756698529
"4068","18.05.2005",7113.1,-0.00391466814877793
"4069","17.05.2005",7034.6,-0.0110973240326733
"4070","16.05.2005",6996.1,-0.00548797944910421
"4071","13.05.2005",6937.7,-0.00838254345057855
"4072","12.05.2005",6989.6,0.00745302251590889
"4073","11.05.2005",7079.9,0.0128364533103465
"4074","10.05.2005",7066.8,-0.00185202255570593
"4075","09.05.2005",7144.6,0.0109490658532859
"4076","06.05.2005",7110.1,-0.0048405181958226
"4077","05.05.2005",7117.3,0.00101213160727133
"4078","04.05.2005",7124.7,0.00103917998398196
"4079","03.05.2005",7032,-0.013096459622229
"4080","02.05.2005",7043,0.0015630553803974
"4081","29.04.2005",7008.3,-0.00493905482625051
"4082","28.04.2005",6935.3,-0.0104708492738525
"4083","27.04.2005",7010.2,0.0107419196468074
"4084","26.04.2005",7011.2,0.000142639109032677
"4085","25.04.2005",7071.9,0.00862031454486411
"4086","22.04.2005",7015.9,-0.00795018313125935
"4087","21.04.2005",7049.2,0.00473513337546211
"4088","20.04.2005",6937.6,-0.0159582418249966
"4089","19.04.2005",7030.7,0.0133303807398731
"4090","18.04.2005",6969.1,-0.00880018250850855
"4091","15.04.2005",6958.4,-0.00153652875320841
"4092","14.04.2005",7063.7,0.0150194306824225
"4093","13.04.2005",7134,0.00990309339304046
"4094","12.04.2005",7208,0.010319433369337
"4095","11.04.2005",7189.4,-0.00258380129021129
"4096","08.04.2005",7181.5,-0.00109944412608506
"4097","07.04.2005",7227.1,0.00632957431551156
"4098","06.04.2005",7191.2,-0.00497979292819959
"4099","05.04.2005",7170.9,-0.00282688653032541
"4100","04.04.2005",7137.5,-0.00466859476459844
"4101","01.04.2005",7136.4,-0.000154127463717432
"4102","31.03.2005",7167.5,0.00434847125697671
"4103","30.03.2005",7158.5,-0.00125645695714269
"4104","29.03.2005",7070.5,-0.0123692630525511
"4105","28.03.2005",7131.5,0.00859039221564576
"4106","24.03.2005",7128.8,-0.000378673664966898
"4107","23.03.2005",7127.2,-0.000224466892076069
"4108","22.03.2005",7159,0.00445185598975113
"4109","21.03.2005",7229.2,0.00975807356529857
"4110","18.03.2005",7276.8,0.00656282515467866
"4111","17.03.2005",7284.3,0.00103014204465946
"4112","16.03.2005",7264.5,-0.00272187564942822
"4113","15.03.2005",7310.4,0.00629852029761342
"4114","14.03.2005",7353.9,0.00593279291787416
"4115","11.03.2005",7330.4,-0.00320070007587761
"4116","10.03.2005",7355,0.00335026938453443
"4117","09.03.2005",7354.7,-4.07894110745874e-05
"4118","08.03.2005",7426.2,0.00967472314956833
"4119","07.03.2005",7440.3,0.00189688282081773
"4120","04.03.2005",7441.2,0.000120955548983195
"4121","03.03.2005",7357.1,-0.0113662928070035
"4122","02.03.2005",7343.1,-0.00190473656585508
"4123","01.03.2005",7351,0.00107526160311379
"4124","28.02.2005",7321.2,-0.00406210942828055
"4125","25.02.2005",7361.9,0.00554380263548894
"4126","24.02.2005",7283.3,-0.0107339953951813
"4127","23.02.2005",7243.3,-0.00550715254714977
"4128","22.02.2005",7211.2,-0.00444153070258109
"4129","18.02.2005",7287.5,0.010525178722364
"4130","17.02.2005",7272.5,-0.00206044028939109
"4131","16.02.2005",7306.8,0.00470531003317212
"4132","15.02.2005",7304,-0.000383278127724346
"4133","14.02.2005",7280.4,-0.00323633753855197
"4134","11.02.2005",7261.6,-0.00258561552383484
"4135","10.02.2005",7210.6,-0.00704802464270719
"4136","09.02.2005",7162,-0.00676289401133238
"4137","08.02.2005",7207.5,0.00633287895417923
"4138","07.02.2005",7200.9,-0.000916132320259633
"4139","04.02.2005",7217.4,0.00228875903578432
"4140","03.02.2005",7148.3,-0.00962021104771273
"4141","02.02.2005",7169.4,0.00294740290339397
"4142","01.02.2005",7146.2,-0.00324122220663769
"4143","31.01.2005",7089.8,-0.0079236154935373
"4144","28.01.2005",7032,-0.00818597101857529
"4145","27.01.2005",7049,0.00241460240886272
"4146","26.01.2005",7046.4,-0.000368914685569503
"4147","25.01.2005",6998.6,-0.00680671905352275
"4148","24.01.2005",6984,-0.00208831051534522
"4149","21.01.2005",6996.6,0.00180249823490403
"4150","20.01.2005",7010.5,0.00198470840684401
"4151","19.01.2005",7059.3,0.00693687126875836
"4152","18.01.2005",7114.5,0.00778905855580165
"4153","14.01.2005",7066.2,-0.00681210191018838
"4154","13.01.2005",7028.7,-0.00532108613485385
"4155","12.01.2005",7075.6,0.00665047862864854
"4156","11.01.2005",7044.1,-0.00446185857475159
"4157","10.01.2005",7081.7,0.0053236048650034
"4158","07.01.2005",7057.5,-0.00342311073196001
"4159","06.01.2005",7076.9,0.00274507756711432
"4160","05.01.2005",7055.2,-0.00307102512078766
"4161","04.01.2005",7090.5,0.00499092632742969
"4162","03.01.2005",7179.7,0.0125017395381416
"4163","31.12.2004",7250.1,0.00975766241750245
"4164","30.12.2004",7253.6,0.000482635474801532
"4165","29.12.2004",7242.2,-0.00157286970711842
"4166","28.12.2004",7245.8,0.000496963014093356
"4167","27.12.2004",7197.3,-0.00671603496475772
"4168","23.12.2004",7208.8,0.00159654624676399
"4169","22.12.2004",7190.1,-0.00259742209661192
"4170","21.12.2004",7167,-0.0032179228302964
"4171","20.12.2004",7117,-0.00700086869464816
"4172","17.12.2004",7098.1,-0.00265914571644397
"4173","16.12.2004",7132,0.00476455740020388
"4174","15.12.2004",7159.6,0.0038624134893139
"4175","14.12.2004",7124.6,-0.00490052926229931
"4176","13.12.2004",7102.4,-0.00312082913027495
"4177","10.12.2004",7028.5,-0.0104594433079502
"4178","09.12.2004",7048.1,0.00278476516578761
"4179","08.12.2004",7030,-0.00257137113289764
"4180","07.12.2004",7014.7,-0.00217875868511416
"4181","06.12.2004",7082.6,0.00963312479355269
"4182","03.12.2004",7092.6,0.00141091507123733
"4183","02.12.2004",7074.8,-0.00251281242374771
"4184","01.12.2004",7097.3,0.00317525545320871
"4185","30.11.2004",7005.7,-0.0129903266128597
"4186","29.11.2004",7032.2,0.00377549797026999
"4187","26.11.2004",7046.7,0.00205982074264189
"4188","24.11.2004",7016.4,-0.00430915614427446
"4189","23.11.2004",6985.3,-0.00444232502404488
"4190","22.11.2004",6979.8,-0.000787677894804478
"4191","19.11.2004",6947.2,-0.00468156236680302
"4192","18.11.2004",7002.9,0.00798564827513117
"4193","17.11.2004",7013.5,0.00151251420062233
"4194","16.11.2004",6959.3,-0.00775796860187997
"4195","15.11.2004",7003.1,0.00627401359017869
"4196","12.11.2004",7014.2,0.00158375754534263
"4197","11.11.2004",6951,-0.00905113159288165
"4198","10.11.2004",6891.2,-0.00864029880063976
"4199","09.11.2004",6886.3,-0.00071130469339105
"4200","08.11.2004",6890,0.000537154401249204
"4201","05.11.2004",6910.2,0.00292749589521239
"4202","04.11.2004",6885.2,-0.00362440050556595
"4203","03.11.2004",6787.4,-0.0143062282287004
"4204","02.11.2004",6701.5,-0.0127365702500991
"4205","01.11.2004",6699.9,-0.0002387810240128
"4206","29.10.2004",6692.7,-0.00107522074782484
"4207","28.10.2004",6670.5,-0.00332256052785282
"4208","27.10.2004",6665.9,-0.000689841363849506
"4209","26.10.2004",6598.5,-0.0101626277981271
"4210","25.10.2004",6520.9,-0.0118299472525734
"4211","22.10.2004",6521.3,6.13393446084457e-05
"4212","21.10.2004",6563.5,0.00645025469454298
"4213","20.10.2004",6539.5,-0.00366328731425508
"4214","19.10.2004",6530.4,-0.00139251279206086
"4215","18.10.2004",6572.4,0.00641086544052964
"4216","15.10.2004",6559.4,-0.00197992723720859
"4217","14.10.2004",6516.1,-0.00662309789774184
"4218","13.10.2004",6556.5,0.00618088652875335
"4219","12.10.2004",6609.7,0.00808134306516495
"4220","11.10.2004",6643.2,0.00505550805481636
"4221","08.10.2004",6636.4,-0.00102412732225985
"4222","07.10.2004",6654.2,0.00267858646602201
"4223","06.10.2004",6717.4,0.00945294065310918
"4224","05.10.2004",6679.3,-0.00568798326770133
"4225","04.10.2004",6677.8,-0.000224599652066045
"4226","01.10.2004",6663.2,-0.00218874234743346
"4227","30.09.2004",6570.3,-0.0140403560844999
"4228","29.09.2004",6560.7,-0.00146218897424381
"4229","28.09.2004",6543.4,-0.00264039652488265
"4230","27.09.2004",6496.4,-0.00720873073705673
"4231","24.09.2004",6531.4,0.00537313809022447
"4232","23.09.2004",6521.4,-0.00153223859347615
"4233","22.09.2004",6548.6,0.00416220952833909
"4234","21.09.2004",6633.2,0.0128360560144084
"4235","20.09.2004",6565.9,-0.010197753366969
"4236","17.09.2004",6604,0.00578593706704393
"4237","16.09.2004",6574.6,-0.0044617863465695
"4238","15.09.2004",6546.3,-0.00431373516825633
"4239","14.09.2004",6594.2,0.0072904702500989
"4240","13.09.2004",6581.8,-0.00188221063460945
"4241","10.09.2004",6568.3,-0.00205321704666318
"4242","09.09.2004",6544.3,-0.00366060534143598
"4243","08.09.2004",6534.1,-0.00155982414792224
"4244","07.09.2004",6555.6,0.00328502858501128
"4245","03.09.2004",6510.4,-0.00691874794224689
"4246","02.09.2004",6535,0.00377144881089695
"4247","01.09.2004",6469.9,-0.0100116946333615
"4248","31.08.2004",6454.2,-0.00242957075894603
"4249","30.08.2004",6414.5,-0.00617002897661983
"4250","27.08.2004",6455.5,0.0063714279253785
"4251","26.08.2004",6439.8,-0.00243499689923961
"4252","25.08.2004",6431.8,-0.00124304686753947
"4253","24.08.2004",6382.5,-0.00769456673235546
"4254","23.08.2004",6385.4,0.000454264217274322
"4255","20.08.2004",6414.7,0.00457809722967971
"4256","19.08.2004",6372.6,-0.00658468200704394
"4257","18.08.2004",6386.7,0.00221015349425343
"4258","17.08.2004",6320.3,-0.0104510276810556
"4259","16.08.2004",6316,-0.000680578993214148
"4260","13.08.2004",6234.8,-0.0129395947606368
"4261","12.08.2004",6217.1,-0.00284294154649734
"4262","11.08.2004",6278.6,0.00984346560496822
"4263","10.08.2004",6295.1,0.00262452730241636
"4264","09.08.2004",6227.5,-0.0107965848394476
"4265","06.08.2004",6225.8,-0.000273020004426078
"4266","05.08.2004",6295.1,0.0110696048438737
"4267","04.08.2004",6385.1,0.0141955980753393
"4268","03.08.2004",6402.7,0.00275262533240307
"4269","02.08.2004",6426.4,0.00369472947607703
"4270","30.07.2004",6403.1,-0.00363225778354229
"4271","29.07.2004",6394.1,-0.00140655791638861
"4272","28.07.2004",6357.8,-0.0056932846165283
"4273","27.07.2004",6347.6,-0.00160561685445629
"4274","26.07.2004",6297.6,-0.00790818027080761
"4275","23.07.2004",6324.1,0.00419912356318594
"4276","22.07.2004",6390.6,0.0104604286961094
"4277","21.07.2004",6390.2,-6.2593890856771e-05
"4278","20.07.2004",6473,0.012874112759192
"4279","19.07.2004",6446.7,-0.00407130758888526
"4280","16.07.2004",6456,0.00144155899315988
"4281","15.07.2004",6457.1,0.000170369625056881
"4282","14.07.2004",6488.8,0.0048973131812934
"4283","13.07.2004",6504.6,0.0024320051391661
"4284","12.07.2004",6503.8,-0.00012299744795809
"4285","09.07.2004",6500.4,-0.000522907995489616
"4286","08.07.2004",6473.6,-0.00413134547842703
"4287","07.07.2004",6518.7,0.00694260156407326
"4288","06.07.2004",6497.5,-0.00325748202185438
"4289","02.07.2004",6542.4,0.00688658309473259
"4290","01.07.2004",6544.8,0.000366770589110581
"4291","30.06.2004",6603,0.0088532499950828
"4292","29.06.2004",6574.5,-0.00432556166759775
"4293","28.06.2004",6571.6,-0.000441195494791777
"4294","25.06.2004",6571.2,-6.0869829887667e-05
"4295","24.06.2004",6597.6,0.00400948231685171
"4296","23.06.2004",6602.3,0.000712126637114345
"4297","22.06.2004",6553.8,-0.00737303907870765
"4298","21.06.2004",6545.2,-0.001313077522812
"4299","18.06.2004",6566.6,0.00326423816743113
"4300","17.06.2004",6546,-0.00314201866104571
"4301","16.06.2004",6535.4,-0.00162062200070337
"4302","15.06.2004",6526,-0.00143935590715649
"4303","14.06.2004",6465.2,-0.00936025061761239
"4304","10.06.2004",6557,0.0140992337279658
"4305","09.06.2004",6525.5,-0.00481560265603708
"4306","08.06.2004",6603.4,0.0118670892770972
"4307","07.06.2004",6610.9,0.00113513402985117
"4308","04.06.2004",6503.9,-0.0163178049588345
"4309","03.06.2004",6456.7,-0.00728364561347821
"4310","02.06.2004",6506.3,0.00765258690988011
"4311","01.06.2004",6487.3,-0.00292451876953994
"4312","28.05.2004",6484.7,-0.000400863403456225
"4313","27.05.2004",6492.3,0.00117130320858482
"4314","26.05.2004",6435.1,-0.00884947836266432
"4315","25.05.2004",6429.3,-0.000901713316282496
"4316","24.05.2004",6334.1,-0.0149179318229715
"4317","21.05.2004",6308.1,-0.00411321394326976
"4318","20.05.2004",6277.1,-0.00492643147455262
"4319","19.05.2004",6287.2,0.00160773018401921
"4320","18.05.2004",6276.5,-0.00170332029370199
"4321","17.05.2004",6231.2,-0.00724356965252435
"4322","14.05.2004",6293.3,0.00991664480144659
"4323","13.05.2004",6294.6,0.000206547558309507
"4324","12.05.2004",6311.1,0.00261786484259849
"4325","11.05.2004",6301,-0.00160163686603781
"4326","10.05.2004",6251.8,-0.00783892867564741
"4327","07.05.2004",6364.1,0.0178034014556218
"4328","06.05.2004",6483.1,0.0185259672915836
"4329","05.05.2004",6554,0.0108767592451462
"4330","04.05.2004",6531.2,-0.00348485664323426
"4331","03.05.2004",6488.8,-0.00651307985939063
"4332","30.04.2004",6439.4,-0.00764224569997906
"4333","29.04.2004",6452.2,0.00198578984862276
"4334","28.04.2004",6500.2,0.00741178773635594
"4335","27.04.2004",6612.7,0.0171590968147186
"4336","26.04.2004",6597.7,-0.00227093902477659
"4337","23.04.2004",6616.9,0.00290587887799994
"4338","22.04.2004",6633.3,0.00247543559714343
"4339","21.04.2004",6546.8,-0.0131260372744911
"4340","20.04.2004",6527.1,-0.00301364013946236
"4341","19.04.2004",6620,0.0141326294387874
"4342","16.04.2004",6616.9,-0.000468387621977293
"4343","15.04.2004",6569.5,-0.00718925622719987
"4344","14.04.2004",6551.2,-0.00278948712589832
"4345","13.04.2004",6583.6,0.00493346921393449
"4346","12.04.2004",6683.6,0.0150750563500753
"4347","08.04.2004",6655.7,-0.00418313415010685
"4348","07.04.2004",6675.4,0.0029554971967649
"4349","06.04.2004",6694.1,0.00279741384416396
"4350","05.04.2004",6715.1,0.00313218046840485
"4351","02.04.2004",6680.3,-0.00519582517731504
"4352","01.04.2004",6644.3,-0.00540355246612958
"4353","31.03.2004",6599.1,-0.00682606815598331
"4354","30.03.2004",6586.6,-0.00189599395475034
"4355","29.03.2004",6553.6,-0.00502276515995766
"4356","26.03.2004",6469.6,-0.0129002341834669
"4357","25.03.2004",6464.4,-0.000804082307124135
"4358","24.03.2004",6375.7,-0.0138163115543022
"4359","23.03.2004",6418.3,0.00665939619098237
"4360","22.03.2004",6404.3,-0.00218364537036552
"4361","19.03.2004",6501.5,0.0150632797505717
"4362","18.03.2004",6561.2,0.00914059354695614
"4363","17.03.2004",6567.7,0.000990182045880904
"4364","16.03.2004",6489.7,-0.0119473904159615
"4365","15.03.2004",6445.1,-0.00689615251153116
"4366","12.03.2004",6546,0.015534023904407
"4367","11.03.2004",6480.5,-0.010056508197696
"4368","10.03.2004",6591.7,0.0170136139815417
"4369","09.03.2004",6698.1,0.0160126222275297
"4370","08.03.2004",6741.4,0.00644371439758134
"4371","05.03.2004",6780,0.00570948346435903
"4372","04.03.2004",6742.8,-0.00550183302828838
"4373","03.03.2004",6718.3,-0.00364012258330786
"4374","02.03.2004",6717.1,-0.00017863256816929
"4375","01.03.2004",6766.6,0.00734223134181127
"4376","27.02.2004",6692.4,-0.0110261909129786
"4377","26.02.2004",6677.7,-0.00219893731883427
"4378","25.02.2004",6670.3,-0.00110878045521816
"4379","24.02.2004",6654.9,-0.0023114109891579
"4380","23.02.2004",6665.5,0.00159154413343363
"4381","20.02.2004",6676.7,0.00167888393679327
"4382","19.02.2004",6715.3,0.00576465156715346
"4383","18.02.2004",6719.1,0.000565711918856504
"4384","17.02.2004",6770.3,0.00759118209422084
"4385","13.02.2004",6691.4,-0.0117222792783561
"4386","12.02.2004",6716.2,0.00369939859236002
"4387","11.02.2004",6751,0.00516812365711088
"4388","10.02.2004",6677,-0.0110218571840016
"4389","09.02.2004",6641.8,-0.00528577378675977
"4390","06.02.2004",6632.7,-0.00137104997182547
"4391","05.02.2004",6544.3,-0.0134175193467002
"4392","04.02.2004",6526.1,-0.00278492039462198
"4393","03.02.2004",6574.8,0.00743463797440913
"4394","02.02.2004",6568.7,-0.000928215534366403
"4395","30.01.2004",6551.6,-0.00260664918977947
"4396","29.01.2004",6555.7,0.000625605598974946
"4397","28.01.2004",6556,4.57606565208221e-05
"4398","27.01.2004",6639.8,0.0127011816712007
"4399","26.01.2004",6672,0.00483782250366174
"4400","23.01.2004",6626.8,-0.00679763197420033
"4401","22.01.2004",6657.1,0.00456192120507878
"4402","21.01.2004",6658.3,0.00018024242655106
"4403","20.01.2004",6599.5,-0.00887030812700289
"4404","16.01.2004",6567.7,-0.0048301934847977
"4405","15.01.2004",6550,-0.0026986454549139
"4406","14.01.2004",6559.8,0.00149506503919653
"4407","13.01.2004",6509.5,-0.00769746633104237
"4408","12.01.2004",6543.7,0.00524010637350255
"4409","09.01.2004",6526.2,-0.00267791038309472
"4410","08.01.2004",6569.3,0.00658243757342006
"4411","07.01.2004",6525.3,-0.0067203527558016
"4412","06.01.2004",6541.1,0.00241841788110687
"4413","05.01.2004",6534.6,-0.00099421071688902
"4414","02.01.2004",6451.3,-0.0128294754408314
"4415","31.12.2003",6440.3,-0.0017065380045274
"4416","30.12.2003",6424.5,-0.00245631614080172
"4417","29.12.2003",6413.2,-0.00176044040885307
"4418","26.12.2003",6342.3,-0.0111168876454861
"4419","24.12.2003",6332.5,-0.00154637579336593
"4420","23.12.2003",6327.6,-0.000774085551405837
"4421","22.12.2003",6315.9,-0.00185075387980514
"4422","19.12.2003",6286.1,-0.00472941684584161
"4423","18.12.2003",6291,0.000779193971251952
"4424","17.12.2003",6216,-0.0119934275225462
"4425","16.12.2003",6207,-0.00144892563383067
"4426","15.12.2003",6172,-0.00565475293060131
"4427","12.12.2003",6196.3,0.00392940521598729
"4428","11.12.2003",6176.9,-0.00313581222273876
"4429","10.12.2003",6108.6,-0.0111189131350949
"4430","09.12.2003",6137.2,0.00467099772984554
"4431","08.12.2003",6166.2,0.00471415278803171
"4432","05.12.2003",6122.9,-0.00704692437795992
"4433","04.12.2003",6153.9,0.00505018667507848
"4434","03.12.2003",6142.8,-0.00180536290466292
"4435","02.12.2003",6139.6,-0.000521070812284885
"4436","01.12.2003",6147.4,0.00126963474367716
"4437","28.11.2003",6073,-0.0121765112853549
"4438","26.11.2003",6068.8,-0.00069182496294085
"4439","25.11.2003",6033.2,-0.00588334204053732
"4440","24.11.2003",6016.1,-0.00283834106214547
"4441","21.11.2003",5942.3,-0.0123429450327163
"4442","20.11.2003",5924.8,-0.00294933263988723
"4443","19.11.2003",5967.1,0.00711411606259418
"4444","18.11.2003",5939,-0.00472027820608222
"4445","17.11.2003",5963.4,0.00410001918615464
"4446","14.11.2003",6010.7,0.00790042609059516
"4447","13.11.2003",6036.8,0.00433285591743616
"4448","12.11.2003",6018.9,-0.00296955185578121
"4449","11.11.2003",5941.2,-0.0129933851988872
"4450","10.11.2003",5950.7,0.00159772652324877
"4451","07.11.2003",5989.2,0.00644898758493744
"4452","06.11.2003",5985.2,-0.000668091954299566
"4453","05.11.2003",5966.6,-0.00311250439530559
"4454","04.11.2003",5975.9,0.00155746315761517
"4455","03.11.2003",5996,0.00335786615091441
"4456","31.10.2003",5959,-0.00618989847550944
"4457","30.10.2003",5951.4,-0.00127619576697587
"4458","29.10.2003",5952.4,0.000168013575892129
"4459","28.10.2003",5945.9,-0.00109259316820387
"4460","27.10.2003",5870.2,-0.0128132015957158
"4461","24.10.2003",5851.1,-0.00325902705425123
"4462","23.10.2003",5864.3,0.00225344513816279
"4463","22.10.2003",5858.1,-0.00105780396132595
"4464","21.10.2003",5938,0.0135470574091439
"4465","20.10.2003",5930.7,-0.00123012645370376
"4466","17.10.2003",5907.1,-0.00398723263885266
"4467","16.10.2003",5952.3,0.00762268223738562
"4468","15.10.2003",5935.6,-0.00280958133656294
"4469","14.10.2003",5960.3,0.00415269723110163
"4470","13.10.2003",5940.8,-0.00327701094025726
"4471","10.10.2003",5897,-0.00740005742231157
"4472","09.10.2003",5886.9,-0.0017142036971177
"4473","08.10.2003",5855.3,-0.00538230932630405
"4474","07.10.2003",5876.6,0.00363112938288753
"4475","06.10.2003",5858,-0.00317011497229089
"4476","03.10.2003",5831.8,-0.00448254784003411
"4477","02.10.2003",5780,-0.00892201788122155
"4478","01.10.2003",5768.3,-0.00202627295846786
"4479","30.09.2003",5644,-0.0217843757352507
"4480","29.09.2003",5685.4,0.00730845133480595
"4481","26.09.2003",5644.1,-0.00729073356122097
"4482","25.09.2003",5679.6,0.00627005595391291
"4483","24.09.2003",5712.6,0.00579345381949807
"4484","23.09.2003",5794.2,0.0141831556812264
"4485","22.09.2003",5771.1,-0.00399471362068164
"4486","19.09.2003",5840,0.0118680932420272
"4487","18.09.2003",5856,0.00273597981887485
"4488","17.09.2003",5787.1,-0.0118354741060154
"4489","16.09.2003",5800.2,0.00226109716348257
"4490","15.09.2003",5730.4,-0.0121070633983733
"4491","12.09.2003",5749.3,0.00329277194991064
"4492","11.09.2003",5734.5,-0.00257754544557478
"4493","10.09.2003",5708.2,-0.00459682527928888
"4494","09.09.2003",5766.2,0.0101095471623883
"4495","08.09.2003",5805.6,0.00680968427625067
"4496","05.09.2003",5747.7,-0.0100231941938709
"4497","04.09.2003",5768.5,0.0036123065972881
"4498","03.09.2003",5759.8,-0.00150932950245998
"4499","02.09.2003",5732.3,-0.00478590553342857
"4500","29.08.2003",5660.2,-0.0126576190694722
"4501","28.08.2003",5639.1,-0.00373474897132434
"4502","27.08.2003",5605.7,-0.0059405410899003
"4503","26.08.2003",5597.5,-0.00146386772784927
"4504","25.08.2003",5585.6,-0.00212821212213828
"4505","22.08.2003",5594.9,0.00166361113454519
"4506","21.08.2003",5656.9,0.011020570487524
"4507","20.08.2003",5645.1,-0.00208812675413224
"4508","19.08.2003",5657.8,0.00224721183847358
"4509","18.08.2003",5652,-0.00102565925276412
"4510","15.08.2003",5616.4,-0.00631857556393093
"4511","14.08.2003",5610.5,-0.00105104713556613
"4512","13.08.2003",5569.6,-0.00731660404774641
"4513","12.08.2003",5594.9,0.00453223042814225
"4514","11.08.2003",5552.3,-0.00764321217635915
"4515","08.08.2003",5526.4,-0.00467564735659813
"4516","07.08.2003",5500,-0.00478851673179712
"4517","06.08.2003",5460.9,-0.00713448090059952
"4518","05.08.2003",5451,-0.00181453325568188
"4519","04.08.2003",5515.7,0.0117994931327437
"4520","01.08.2003",5505.7,-0.00181465199414493
"4521","31.07.2003",5559,0.00963431675058981
"4522","30.07.2003",5557.5,-0.000269869115117852
"4523","29.07.2003",5570.6,0.00235440120979008
"4524","28.07.2003",5606.6,0.00644170713357298
"4525","25.07.2003",5611,0.000784481569257317
"4526","24.07.2003",5531.6,-0.0142518521604687
"4527","23.07.2003",5538.6,0.0012646566336576
"4528","22.07.2003",5527.1,-0.00207849555656444
"4529","21.07.2003",5483.6,-0.00790144610585121
"4530","18.07.2003",5555.3,0.012990607454286
"4531","17.07.2003",5484.2,-0.0128811962687068
"4532","16.07.2003",5552.5,0.0123770460212579
"4533","15.07.2003",5583.9,0.00563918020381453
"4534","14.07.2003",5625.3,0.00738682301138553
"4535","11.07.2003",5588.8,-0.00650968493121508
"4536","10.07.2003",5544.8,-0.00790404344879262
"4537","09.07.2003",5617.2,0.0129727674902502
"4538","08.07.2003",5642.4,0.00447618779994412
"4539","07.07.2003",5639.2,-0.000567295434303525
"4540","03.07.2003",5558.5,-0.0144139237859961
"4541","02.07.2003",5590.5,0.00574044091375316
"4542","01.07.2003",5526.5,-0.0115140248364127
"4543","30.06.2003",5501.4,-0.00455209846710009
"4544","27.06.2003",5509.6,0.00148941994657845
"4545","26.06.2003",5555.8,0.0083504018756036
"4546","25.06.2003",5523.4,-0.0058488144204003
"4547","24.06.2003",5551.2,0.00502050789964711
"4548","23.06.2003",5549.1,-0.000378368156726
"4549","20.06.2003",5631.4,0.0147223266431967
"4550","19.06.2003",5627.4,-0.000710555328862103
"4551","18.06.2003",5706.1,0.0138882542887766
"4552","17.06.2003",5722.9,0.00293989187158068
"4553","16.06.2003",5714.4,-0.00148636506254225
"4554","13.06.2003",5598.6,-0.0204727383727313
"4555","12.06.2003",5650.7,0.00926286480356138
"4556","11.06.2003",5646.8,-0.0006904182615481
"4557","10.06.2003",5564.4,-0.0146998508246292
"4558","09.06.2003",5520.1,-0.00799318613633699
"4559","06.06.2003",5583.1,0.0113482016179783
"4560","05.06.2003",5585.5,0.000429776343846416
"4561","04.06.2003",5558.4,-0.00486365696411738
"4562","03.06.2003",5481.6,-0.0139132679169849
"4563","02.06.2003",5470,-0.00211841271377395
"4564","30.05.2003",5435.4,-0.0063455015127299
"4565","29.05.2003",5366.2,-0.012813091901529
"4566","28.05.2003",5377.7,0.00214075045223089
"4567","27.05.2003",5367.4,-0.00191715352203052
"4568","23.05.2003",5288.5,-0.0148089681638608
"4569","22.05.2003",5273.5,-0.00284037305143867
"4570","21.05.2003",5223.2,-0.00958403784424521
"4571","20.05.2003",5204.9,-0.0035097513037824
"4572","19.05.2003",5196.5,-0.00161516754016496
"4573","16.05.2003",5321.7,0.0238074791345272
"4574","15.05.2003",5312.5,-0.00173026693033124
"4575","14.05.2003",5279.5,-0.00623113798610321
"4576","13.05.2003",5283.8,0.000814139565762883
"4577","12.05.2003",5300.2,0.00309901986495854
"4578","09.05.2003",5242.8,-0.0108888489319
"4579","08.05.2003",5174.5,-0.0131129906371628
"4580","07.05.2003",5226.7,0.0100373876587453
"4581","06.05.2003",5259.1,0.00617980566345535
"4582","05.05.2003",5207.1,-0.0099368305354826
"4583","02.05.2003",5201.1,-0.00115293723499399
"4584","01.05.2003",5126.8,-0.0143884588042827
"4585","30.04.2003",5131.6,0.000935818519516334
"4586","29.04.2003",5117.1,-0.00282962906024814
"4587","28.04.2003",5108.2,-0.00174078066120031
"4588","25.04.2003",5017.6,-0.0178953599377027
"4589","24.04.2003",5085.3,0.0134022930765163
"4590","23.04.2003",5135.1,0.00974529257717801
"4591","22.04.2003",5101.8,-0.0065058987499265
"4592","21.04.2003",5005,-0.0191560058704809
"4593","17.04.2003",5006.3,0.000259706533079127
"4594","16.04.2003",4932.6,-0.0148308868962572
"4595","15.04.2003",4995.3,0.012631237953038
"4596","14.04.2003",4956.3,-0.00783797573452558
"4597","11.04.2003",4875.6,-0.0164163208229738
"4598","10.04.2003",4887.4,0.00241729094456753
"4599","09.04.2003",4870.6,-0.00344333195309387
"4600","08.04.2003",4917.6,0.00960347381964478
"4601","07.04.2003",4923.3,0.0011584307608921
"4602","04.04.2003",4898,-0.00515207884157887
"4603","03.04.2003",4870.3,-0.00567142169007034
"4604","02.04.2003",4898,0.00567142169007024
"4605","01.04.2003",4793.6,-0.0215452636292673
"4606","31.03.2003",4730.2,-0.0133142099926833
"4607","28.03.2003",4809.1,0.0165424715152393
"4608","27.03.2003",4829.7,0.00427439751095646
"4609","26.03.2003",4844.6,0.00308032866077324
"4610","25.03.2003",4862,0.00358519329893708
"4611","24.03.2003",4801.6,-0.012500680189966
"4612","21.03.2003",4970.9,0.0346517145295016
"4613","20.03.2003",4856.4,-0.0233034875457844
"4614","19.03.2003",4845.4,-0.00226762141326304
"4615","18.03.2003",4800.2,-0.00937221756193964
"4616","17.03.2003",4784,-0.00338056706414985
"4617","14.03.2003",4641.6,-0.030217882263328
"4618","13.03.2003",4625.2,-0.00353952111233293
"4619","12.03.2003",4486.7,-0.0304021483312904
"4620","11.03.2003",4499.6,0.00287103899515464
"4621","10.03.2003",4529.1,0.00653474032312921
"4622","07.03.2003",4645.1,0.0252896562996994
"4623","06.03.2003",4626,-0.0041203367501151
"4624","05.03.2003",4673.8,0.0102798814903216
"4625","04.03.2003",4638,-0.00768920646622918
"4626","03.03.2003",4709.4,0.0152772725453461
"4627","28.02.2003",4716.1,0.00142167548214569
"4628","27.02.2003",4693.5,-0.0048036140659222
"4629","26.02.2003",4654,-0.00845150791480946
"4630","25.02.2003",4713.4,0.0126824510917577
"4631","24.02.2003",4706.2,-0.0015287276322147
"4632","21.02.2003",4787.2,0.0170649010183234
"4633","20.02.2003",4730.8,-0.0118513679631415
"4634","19.02.2003",4763.5,0.00688837076987228
"4635","18.02.2003",4805.7,0.00882002122871334
"4636","14.02.2003",4729.7,-0.0159409378481617
"4637","13.02.2003",4653.3,-0.0162851302285709
"4638","12.02.2003",4649.7,-0.000773943927700109
"4639","11.02.2003",4708.7,0.0126091600494255
"4640","10.02.2003",4732.8,0.00510513209594067
"4641","07.02.2003",4713.7,-0.00404383126614846
"4642","06.02.2003",4757.3,0.00920711815034405
"4643","05.02.2003",4807.9,0.0105801179291865
"4644","04.02.2003",4824.5,0.00344670413057554
"4645","03.02.2003",4884.8,0.012421240520175
"4646","31.01.2003",4868.7,-0.00330138199066752
"4647","30.01.2003",4784.4,-0.0174663358146363
"4648","29.01.2003",4866,0.0169116191681584
"4649","28.01.2003",4841,-0.00515093340377353
"4650","27.01.2003",4787,-0.0112174005471853
"4651","24.01.2003",4880.2,0.0192822922214361
"4652","23.01.2003",4995.7,0.0233913397901367
"4653","22.01.2003",4963,-0.00656714581664104
"4654","21.01.2003",5016.3,0.0106822135492923
"4655","17.01.2003",5108.5,0.0182132088947452
"4656","16.01.2003",5165.3,0.011057365088156
"4657","15.01.2003",5171.5,0.00119959769822395
"4658","14.01.2003",5233.7,0.0119557030903529
"4659","13.01.2003",5209.2,-0.00469219181466313
"4660","10.01.2003",5209.8,0.000115174201106327
"4661","09.01.2003",5210.3,9.59683688991992e-05
"4662","08.01.2003",5124.2,-0.0166630204024128
"4663","07.01.2003",5186.9,0.0121618009377701
"4664","06.01.2003",5255.4,0.0131199031981872
"4665","03.01.2003",5148.5,-0.0205507093002927
"4666","02.01.2003",5146,-0.000485696255116006
"4667","31.12.2002",5000,-0.0287818014254521
"4668","30.12.2002",4986.1,-0.00278387137661589
"4669","27.12.2002",4958,-0.00565160744448569
"4670","26.12.2002",5036.6,0.015728817648567
"4671","24.12.2002",5044.3,0.00152764167831251
"4672","23.12.2002",5067.7,0.00462817281822639
"4673","20.12.2002",5067.1,-0.000118403915361037
"4674","19.12.2002",5001.4,-0.0130507886013276
"4675","18.12.2002",5038,0.00729130468900226
"4676","17.12.2002",5094.7,0.0111916057545669
"4677","16.12.2002",5138.1,0.00848257763931047
"4678","13.12.2002",5035.1,-0.020249974377809
"4679","12.12.2002",5086.9,0.0102352207492796
"4680","11.12.2002",5105.2,0.00359102043063213
"4681","10.12.2002",5104.7,-9.79441523227093e-05
"4682","09.12.2002",5040.7,-0.0126167226460786
"4683","06.12.2002",5131.9,0.0179309996548759
"4684","05.12.2002",5104.8,-0.00529468741087309
"4685","04.12.2002",5155.4,0.00986343545500052
"4686","03.12.2002",5164.6,0.001782946208751
"4687","02.12.2002",5229.7,0.0125262598191803
"4688","29.11.2002",5236.9,0.00137580515844748
"4689","27.11.2002",5247.6,0.00204110901135879
"4690","26.11.2002",5111.3,-0.0263170542329988
"4691","25.11.2002",5208.8,0.0188957279487758
"4692","22.11.2002",5198.4,-0.00199861700781661
"4693","21.11.2002",5214.1,0.00301560852779732
"4694","20.11.2002",5122.2,-0.0177824601983174
"4695","19.11.2002",5044.8,-0.0152260244535193
"4696","18.11.2002",5057.2,0.00245496064694621
"4697","15.11.2002",5100.1,0.00844717692558056
"4698","14.11.2002",5061.6,-0.00757750853064862
"4699","13.11.2002",4958,-0.0206802052375387
"4700","12.11.2002",4971.5,0.00271917182499246
"4701","11.11.2002",4948,-0.00473815090774976
"4702","08.11.2002",5040.1,0.0184424686260417
"4703","07.11.2002",5079.5,0.00778690839317943
"4704","06.11.2002",5182.3,0.0200361416202567
"4705","05.11.2002",5136.7,-0.008838123234193
"4706","04.11.2002",5098.9,-0.00738601974338586
"4707","01.11.2002",5079.7,-0.00377262546368247
"4708","31.10.2002",5000.3,-0.0157542940942857
"4709","30.10.2002",5027.3,0.0053851500358232
"4710","29.10.2002",4985.4,-0.00836941975314216
"4711","28.10.2002",5028.5,0.00860808798554457
"4712","25.10.2002",5066.4,0.00750877731768537
"4713","24.10.2002",4993.1,-0.0145735468629146
"4714","23.10.2002",5059,0.0131118759526303
"4715","22.10.2002",5036.8,-0.00439787550890666
"4716","21.10.2002",5093.3,0.0111549907453393
"4717","18.10.2002",5011.3,-0.016230588070916
"4718","17.10.2002",4995.2,-0.00321791113633973
"4719","16.10.2002",4888.3,-0.0216328565576199
"4720","15.10.2002",4992.8,0.0211522798563404
"4721","14.10.2002",4786,-0.0423018851515147
"4722","11.10.2002",4754.7,-0.00656138696182919
"4723","10.10.2002",4590.8,-0.0350793016999762
"4724","09.10.2002",4452.5,-0.0305885646426966
"4725","08.10.2002",4591.3,0.0306974721911864
"4726","07.10.2002",4521.2,-0.0153857630384271
"4727","04.10.2002",4613.4,0.020187666949614
"4728","03.10.2002",4718.4,0.0225046467948216
"4729","02.10.2002",4762.1,0.00921898834531679
"4730","01.10.2002",4873.8,0.0231851728786348
"4731","30.09.2002",4710,-0.0341860122744998
"4732","27.09.2002",4760.6,0.0106858026914837
"4733","26.09.2002",4914.7,0.0318570033765693
"4734","25.09.2002",4811.9,-0.0211386975797665
"4735","24.09.2002",4709.3,-0.0215527394908639
"4736","23.09.2002",4798.1,0.0186807291920693
"4737","20.09.2002",4853,0.0113770642052608
"4738","19.09.2002",4842.7,-0.00212465399602899
"4739","18.09.2002",4987.5,0.0294623657889316
"4740","17.09.2002",5011,0.00470071376160575
"4741","16.09.2002",5112.9,0.0201312619395758
"4742","13.09.2002",5100.2,-0.00248700326952382
"4743","12.09.2002",5089.6,-0.002080512634897
"4744","11.09.2002",5205.8,0.0225741466107605
"4745","10.09.2002",5200,-0.00111476303612155
"4746","09.09.2002",5172,-0.00539916467777067
"4747","06.09.2002",5124.5,-0.00922650162013046
"4748","05.09.2002",5054.6,-0.0137342395226343
"4749","04.09.2002",5118,0.0124650179707507
"4750","03.09.2002",5036.6,-0.0160324864760313
"4751","30.08.2002",5239.8,0.0395520784040394
"4752","29.08.2002",5236.1,-0.000706383251816273
"4753","28.08.2002",5243.1,0.00133598004449923
"4754","27.08.2002",5330.9,0.0166071529996829
"4755","26.08.2002",5388.5,0.0107469735967782
"4756","23.08.2002",5343.4,-0.00840489857286662
"4757","22.08.2002",5452.5,0.0202120646117644
"4758","21.08.2002",5379.7,-0.0134416085565012
"4759","20.08.2002",5320,-0.011159307183593
"4760","19.08.2002",5385.7,0.0122739895216869
"4761","16.08.2002",5278.1,-0.0201811084029208
"4762","15.08.2002",5287.1,0.00170370692025961
"4763","14.08.2002",5223.3,-0.0121405053340531
"4764","13.08.2002",5057.8,-0.0321977799132108
"4765","12.08.2002",5157.9,0.0195979137664594
"4766","09.08.2002",5185.7,0.00537531747898665
"4767","08.08.2002",5160.1,-0.00494887824011466
"4768","07.08.2002",5007.1,-0.0300990539631315
"4769","06.08.2002",4921.3,-0.0172841819429969
"4770","05.08.2002",4793.2,-0.0263744764182932
"4771","02.08.2002",4954.6,0.0331181911583149
"4772","01.08.2002",5067.9,0.0226100926301157
"4773","31.07.2002",5195.6,0.0248855829363369
"4774","30.07.2002",5142.5,-0.0102727710060168
"4775","29.07.2002",5125.2,-0.00336979389169117
"4776","26.07.2002",4872.8,-0.0505008281131462
"4777","25.07.2002",4804.3,-0.0141573703121601
"4778","24.07.2002",4791.5,-0.00266783542629791
"4779","23.07.2002",4549.7,-0.051782218078501
"4780","22.07.2002",4666.5,0.0253480293004856
"4781","19.07.2002",4818.1,0.0319703334538306
"4782","18.07.2002",4994.3,0.035917602662335
"4783","17.07.2002",5121.3,0.02511105093285
"4784","16.07.2002",5101,-0.00397171413189034
"4785","15.07.2002",5188.9,0.0170851297231731
"4786","12.07.2002",5228.1,0.00752619468860666
"4787","11.07.2002",5262.5,0.00655827565593057
"4788","10.07.2002",5254.5,-0.00152134668498561
"4789","09.07.2002",5423.6,0.031674949282503
"4790","08.07.2002",5554.6,0.0238666116922133
"4791","05.07.2002",5598.7,0.00790801463640648
"4792","03.07.2002",5426.9,-0.0311663594097226
"4793","02.07.2002",5423,-0.00071890066599055
"4794","01.07.2002",5535.2,0.0204785313435407
"4795","28.06.2002",5636.5,0.0181356062999847
"4796","27.06.2002",5626.9,-0.00170463666825814
"4797","26.06.2002",5543.3,-0.0149686775446477
"4798","25.06.2002",5568.5,0.00453572656147473
"4799","24.06.2002",5645.4,0.01371533640762
"4800","21.06.2002",5650.1,0.000832189858128461
"4801","20.06.2002",5734.1,0.0147575630249173
"4802","19.06.2002",5797.8,0.0110477281094971
"4803","18.06.2002",5870.5,0.0124612738369487
"4804","17.06.2002",5859.9,-0.00180727049123085
"4805","14.06.2002",5712.5,-0.0254757823765756
"4806","13.06.2002",5726.1,0.0023779145014962
"4807","12.06.2002",5779.2,0.00923059407865508
"4808","11.06.2002",5765.5,-0.00237338457144069
"4809","10.06.2002",5851.4,0.0147890686224841
"4810","07.06.2002",5832.1,-0.00330380751575916
"4811","06.06.2002",5816.1,-0.00274720730462434
"4812","05.06.2002",5920.9,0.0178585303368695
"4813","04.06.2002",5879,-0.00710178494788602
"4814","03.06.2002",5901.8,0.00387070970843076
"4815","31.05.2002",6035.3,0.0223681742102988
"4816","30.05.2002",6003.8,-0.00523296124837596
"4817","29.05.2002",6030.2,0.00438757559444716
"4818","28.05.2002",6054.3,0.00398858570072361
"4819","24.05.2002",6102.7,0.00796253281580034
"4820","23.05.2002",6157.2,0.00889083255233955
"4821","22.05.2002",6100.8,-0.00920221863262003
"4822","21.05.2002",6080.7,-0.00330008919127093
"4823","20.05.2002",6135.1,0.00890655701864166
"4824","17.05.2002",6193.9,0.00953855881603274
"4825","16.05.2002",6150.5,-0.00703155743786312
"4826","15.05.2002",6127.9,-0.00368126555942038
"4827","14.05.2002",6160.9,0.00537075700211522
"4828","13.05.2002",6060.6,-0.016414065688341
"4829","10.05.2002",5981.9,-0.0130705618301458
"4830","09.05.2002",6055.8,0.0122782472398211
"4831","08.05.2002",6124.5,0.0112806299548712
"4832","07.05.2002",5977.9,-0.0242277847264481
"4833","06.05.2002",6002.5,0.00410671339411632
"4834","03.05.2002",6109.4,0.0176525195756615
"4835","02.05.2002",6150.2,0.0066560329259229
"4836","01.05.2002",6136.5,-0.00223005455942952
"4837","30.04.2002",6071.2,-0.0106982679478599
"4838","29.04.2002",6010.4,-0.0100649770347522
"4839","26.04.2002",6072.7,0.010312014643367
"4840","25.04.2002",6132.5,0.00979918043432656
"4841","24.04.2002",6144.7,0.0019874244967397
"4842","23.04.2002",6178.2,0.005437045261376
"4843","22.04.2002",6196.7,0.0029899253783003
"4844","19.04.2002",6278.5,0.013114206159958
"4845","18.04.2002",6269.7,-0.00140259183670327
"4846","17.04.2002",6275.3,0.000892786029807025
"4847","16.04.2002",6288.5,0.00210127586508801
"4848","15.04.2002",6173.5,-0.0184566304794119
"4849","12.04.2002",6217.4,0.00708587490551685
"4850","11.04.2002",6181.2,-0.00583938555377527
"4851","10.04.2002",6315.9,0.0215578360850795
"4852","09.04.2002",6247.4,-0.0109048862661768
"4853","08.04.2002",6255.8,0.00134365622621227
"4854","05.04.2002",6246.5,-0.00148772653277088
"4855","04.04.2002",6249.2,0.000432148665864184
"4856","03.04.2002",6245.7,-0.000560228587910536
"4857","02.04.2002",6305.3,0.00949732260192374
"4858","01.04.2002",6327.1,0.00345144574918423
"4859","28.03.2002",6348.8,0.00342382334955359
"4860","27.03.2002",6342.6,-0.000977039647826613
"4861","26.03.2002",6298.6,-0.00696139254028714
"4862","25.03.2002",6264.2,-0.00547649982124506
"4863","22.03.2002",6345.2,0.0128477348931598
"4864","21.03.2002",6363.5,0.00287991889780161
"4865","20.03.2002",6369.3,0.000911032985856739
"4866","19.03.2002",6445,0.0118150629553292
"4867","18.03.2002",6420.8,-0.00376191586063547
"4868","15.03.2002",6419.6,-0.0001869100656511
"4869","14.03.2002",6352.7,-0.010475891080435
"4870","13.03.2002",6348.4,-0.000677106733162725
"4871","12.03.2002",6393,0.00700082913332347
"4872","11.03.2002",6388.9,-0.000641532188581952
"4873","08.03.2002",6366.4,-0.00352794890548071
"4874","07.03.2002",6353.8,-0.00198110157403203
"4875","06.03.2002",6377.1,0.0036603894485574
"4876","05.03.2002",6287.3,-0.0141817227902457
"4877","04.03.2002",6332.5,0.0071633771188864
"4878","01.03.2002",6224,-0.0172823160176027
"4879","28.02.2002",6118,-0.0171775411473788
"4880","27.02.2002",6124.3,0.00102921845668344
"4881","26.02.2002",6104.6,-0.00322187883478042
"4882","25.02.2002",6094.3,-0.00168867724920274
"4883","22.02.2002",6008.8,-0.014128846711747
"4884","21.02.2002",5959.1,-0.00830559842647727
"4885","20.02.2002",6017.9,0.00981889829038697
"4886","19.02.2002",5943.3,-0.012473826587321
"4887","15.02.2002",6040.2,0.016172589315042
"4888","14.02.2002",6086.9,0.0077017969414608
"4889","13.02.2002",6091.4,0.000739019436999628
"4890","12.02.2002",6042.7,-0.00802700842909817
"4891","11.02.2002",6055.4,0.0020995039989825
"4892","08.02.2002",5977.8,-0.0128978286329117
"4893","07.02.2002",5894.8,-0.0139820009397577
"4894","06.02.2002",5898.1,0.000559658792347181
"4895","05.02.2002",5927.6,0.00498914418456855
"4896","04.02.2002",5949.2,0.0036373474024194
"4897","01.02.2002",6087.9,0.0230464379325899
"4898","31.01.2002",6116.9,0.00475223757495487
"4899","30.01.2002",6032.7,-0.0138607605258563
"4900","29.01.2002",5973.4,-0.0098783921873142
"4901","28.01.2002",6128.9,0.0256990089644626
"4902","25.01.2002",6133.8,0.000799171513743859
"4903","24.01.2002",6121.3,-0.00203996774157091
"4904","23.01.2002",6107.6,-0.00224059494009586
"4905","22.01.2002",6072.2,-0.00581291969992096
"4906","18.01.2002",6092.5,0.00333752888992562
"4907","17.01.2002",6124.9,0.00530392324967496
"4908","16.01.2002",6081.6,-0.00709461051405188
"4909","15.01.2002",6160.6,0.0129063561466588
"4910","14.01.2002",6122.6,-0.00618733249148216
"4911","11.01.2002",6161,0.00625225912440978
"4912","10.01.2002",6210.9,0.00806671094820475
"4913","09.01.2002",6207.4,-0.000563684255119376
"4914","08.01.2002",6235.4,0.00450060231822955
"4915","07.01.2002",6271.8,0.00582066374083085
"4916","04.01.2002",6308,0.00575527431621261
"4917","03.01.2002",6266.3,-0.0066326002831101
"4918","02.01.2002",6244.2,-0.00353303592795015
"4919","31.12.2001",6236.4,-0.00124994006947229
"4920","28.12.2001",6284.8,0.00773092691769571
"4921","27.12.2001",6260.5,-0.00387396561108976
"4922","26.12.2001",6224,-0.00584726725077483
"4923","24.12.2001",6196.7,-0.00439589458916717
"4924","21.12.2001",6193,-0.000597270330999446
"4925","20.12.2001",6167.2,-0.00417469579300849
"4926","19.12.2001",6186.9,0.00318922733305857
"4927","18.12.2001",6138.7,-0.0078211601384828
"4928","17.12.2001",6088.9,-0.00814555192388738
"4929","14.12.2001",6039.2,-0.0081958885903257
"4930","13.12.2001",6019.3,-0.00330057935325089
"4931","12.12.2001",6084,0.0106914009070193
"4932","11.12.2001",6091.6,0.00124839859835247
"4933","10.12.2001",6114.3,0.00371951698290763
"4934","07.12.2001",6208.8,0.0153373505794855
"4935","06.12.2001",6236.9,0.00451562350829136
"4936","05.12.2001",6252.5,0.0024981197035537
"4937","04.12.2001",6145,-0.017342640751639
"4938","03.12.2001",6083,-0.0101407476794298
"4939","30.11.2001",6125,0.00688076109222229
"4940","29.11.2001",6130.1,0.000832306597973533
"4941","28.11.2001",6082,-0.00787747377359132
"4942","27.11.2001",6181.2,0.0161788381222298
"4943","26.11.2001",6219.8,0.00622532451588743
"4944","23.11.2001",6194.3,-0.00410823754680943
"4945","21.11.2001",6128.1,-0.0107447635034774
"4946","20.11.2001",6157.3,0.00475361892746707
"4947","19.11.2001",6178.1,0.00337241106303283
"4948","16.11.2001",6120.4,-0.0093833269679819
"4949","15.11.2001",6130.5,0.00164885882478329
"4950","14.11.2001",6127.3,-0.000522116541743979
"4951","13.11.2001",6114.9,-0.00202578037290349
"4952","12.11.2001",6017.7,-0.0160232892590327
"4953","09.11.2001",6033.5,0.00262214701489396
"4954","08.11.2001",6027.8,-0.000945171818019803
"4955","07.11.2001",6011,-0.00279097765647368
"4956","06.11.2001",6030.1,0.00317247029248736
"4957","05.11.2001",5961.4,-0.0114582415279227
"4958","02.11.2001",5895.9,-0.0110481587296767
"4959","01.11.2001",5878.6,-0.00293855576864372
"4960","31.10.2001",5776.9,-0.017451431696464
"4961","30.10.2001",5781.1,0.000726769369245347
"4962","29.10.2001",5877.4,0.0165205112547164
"4963","26.10.2001",5990.9,0.0191271640074898
"4964","25.10.2001",5952.6,-0.00641355235648192
"4965","24.10.2001",5890.4,-0.0105041918294049
"4966","23.10.2001",5906.8,0.00278032254511189
"4967","22.10.2001",5936.6,0.00503234930665961
"4968","19.10.2001",5861.2,-0.0127822181424086
"4969","18.10.2001",5839.1,-0.00377768540674117
"4970","17.10.2001",5899.3,0.0102570244301213
"4971","16.10.2001",5977,0.013085070037004
"4972","15.10.2001",5940.5,-0.00612546492591211
"4973","12.10.2001",5942.2,0.000286130258543704
"4974","11.10.2001",5982.5,0.00675910562564258
"4975","10.10.2001",5919.9,-0.0105189839390386
"4976","09.10.2001",5801.1,-0.0202720021188339
"4977","08.10.2001",5806.7,0.000964868525379932
"4978","05.10.2001",5862.1,0.00949547789952226
"4979","04.10.2001",5866.1,0.000682116634282268
"4980","03.10.2001",5880.6,0.0024687797193489
"4981","02.10.2001",5803.1,-0.0132665399950922
"4982","01.10.2001",5731.5,-0.0124149809530326
"4983","28.09.2001",5750.4,0.00329214103417559
"4984","27.09.2001",5628.4,-0.0214442076751393
"4985","26.09.2001",5546.6,-0.0146400825100114
"4986","25.09.2001",5561.7,0.002718689502567
"4987","24.09.2001",5513.4,-0.0087223241717621
"4988","21.09.2001",5331.4,-0.0335676249000933
"4989","20.09.2001",5436.6,0.0195399976212691
"4990","19.09.2001",5597.5,0.02916620401684
"4991","18.09.2001",5692.6,0.016847016284776
"4992","17.09.2001",5730.9,0.00670550068002968
"4993","10.09.2001",6006.7,0.0470029264306728
"4994","07.09.2001",5986.5,-0.00336857871149023
"4995","06.09.2001",6104.3,0.0194865066992731
"4996","05.09.2001",6222.3,0.0191461724467711
"4997","04.09.2001",6233.7,0.00183044367100139
"4998","31.08.2001",6215.7,-0.00289170763939753
"4999","30.08.2001",6197.3,-0.00296463602297059
"5000","29.08.2001",6275.8,0.0125872536020848
"5001","28.08.2001",6332,0.00891517508724196
"5002","27.08.2001",6407,0.0117750006381188
"5003","24.08.2001",6434.9,0.00434515825491804
"5004","23.08.2001",6353.6,-0.0127147195169526
"5005","22.08.2001",6363,0.00147838285580514
"5006","21.08.2001",6330.5,-0.00512074227248425
"5007","20.08.2001",6377.8,0.00744398832561788
"5008","17.08.2001",6335.6,-0.00663868909766038
"5009","16.08.2001",6411.5,0.0119087317109053
"5010","15.08.2001",6406.6,-0.000764543924400958
"5011","14.08.2001",6424,0.00271226765182797
"5012","13.08.2001",6429.1,0.000793582912706441
"5013","10.08.2001",6432.4,0.000513159440565363
"5014","09.08.2001",6389.3,-0.00672300277479265
"5015","08.08.2001",6391,0.00026603444520485
"5016","07.08.2001",6476.4,0.0132740497623156
"5017","06.08.2001",6451.4,-0.0038676389120819
"5018","03.08.2001",6516.7,0.0100709513213187
"5019","02.08.2001",6538.8,0.00338554955521877
"5020","01.08.2001",6525.6,-0.00202075939068226
"5021","31.07.2001",6523.4,-0.000337190592512075
"5022","30.07.2001",6490.7,-0.00502532926855356
"5023","27.07.2001",6487.6,-0.000477720511770507
"5024","26.07.2001",6470.9,-0.00257746023772209
"5025","25.07.2001",6411.1,-0.00928433931959571
"5026","24.07.2001",6324.4,-0.0136156946202267
"5027","23.07.2001",6433.9,0.0171657178113606
"5028","20.07.2001",6520.7,0.013400845873655
"5029","19.07.2001",6528.6,0.00121079306401582
"5030","18.07.2001",6508.5,-0.00308351027850634
"5031","17.07.2001",6520.3,0.00181137222559024
"5032","16.07.2001",6466.7,-0.00825445512290534
"5033","13.07.2001",6515.1,0.00745662762611525
"5034","12.07.2001",6479.2,-0.00552551370053505
"5035","11.07.2001",6378.3,-0.0156954417823504
"5036","10.07.2001",6406.9,0.00447393043595888
"5037","09.07.2001",6470,0.00980057390655756
"5038","06.07.2001",6443,-0.00418183835630383
"5039","05.07.2001",6565.2,0.018788701719138
"5040","03.07.2001",6619.3,0.00820665230111737
"5041","02.07.2001",6632.6,0.00200726001034982
"5042","29.06.2001",6574.3,-0.00882877566929043
"5043","28.06.2001",6573.7,-9.1268634076217e-05
"5044","27.06.2001",6513.4,-0.00921524657506437
"5045","26.06.2001",6543.2,0.00456474912994759
"5046","25.06.2001",6557.1,0.00212208960348716
"5047","22.06.2001",6612.5,0.0084133651423034
"5048","21.06.2001",6672.9,0.00909275086123928
"5049","20.06.2001",6614.1,-0.00885081415674923
"5050","19.06.2001",6564.1,-0.00758832616406816
"5051","18.06.2001",6554.1,-0.00152459970682009
"5052","15.06.2001",6576.2,0.00336626289867826
"5053","14.06.2001",6597.6,0.00324887562031065
"5054","13.06.2001",6690.2,0.0139378225224891
"5055","12.06.2001",6736.3,0.00686704370589537
"5056","11.06.2001",6739.4,0.000460087424725098
"5057","08.06.2001",6786.2,0.00692023818088186
"5058","07.06.2001",6828.6,0.00622853616276215
"5059","06.06.2001",6820.6,-0.00117223000851067
"5060","05.06.2001",6894.4,0.0107620433541851
"5061","04.06.2001",6836,-0.00850672262609199
"5062","01.06.2001",6796.9,-0.0057361393701771
"5063","31.05.2001",6784.9,-0.00176707109846123
"5064","30.05.2001",6747.2,-0.00557195077454782
"5065","29.05.2001",6821.3,0.0109224655160993
"5066","25.05.2001",6842.6,0.00311770684111677
"5067","24.05.2001",6904.4,0.00899111316302255
"5068","23.05.2001",6903.6,-0.000115874855285964
"5069","22.05.2001",6993.4,0.0129238324679578
"5070","21.05.2001",7016.3,0.0032691664197253
"5071","18.05.2001",6948.5,-0.00971020461829447
"5072","17.05.2001",6928.4,-0.00289690263051165
"5073","16.05.2001",6901.8,-0.00384665916610543
"5074","15.05.2001",6740,-0.0237223222236669
"5075","14.05.2001",6730.5,-0.00141048982220498
"5076","11.05.2001",6699.9,-0.00455683418960919
"5077","10.05.2001",6745.9,0.00684231201801647
"5078","09.05.2001",6728,-0.00265699025977106
"5079","08.05.2001",6730.3,0.000341796515517071
"5080","07.05.2001",6756.8,0.00392968601137814
"5081","04.05.2001",6767.7,0.00161188988280838
"5082","03.05.2001",6687,-0.011995952008509
"5083","02.05.2001",6754.8,0.0100880202040026
"5084","01.05.2001",6778.2,0.00345821670295689
"5085","30.04.2001",6712.5,-0.00974012014381797
"5086","27.04.2001",6742.2,0.00441482132479148
"5087","26.04.2001",6654.7,-0.0130629092168374
"5088","25.04.2001",6592.7,-0.00936039565306505
"5089","24.04.2001",6492,-0.0153923266375273
"5090","23.04.2001",6542.7,0.00777927465680819
"5091","20.04.2001",6591.1,0.0073703298508544
"5092","19.04.2001",6649.1,0.00876125300283034
"5093","18.04.2001",6619.4,-0.00447677576255781
"5094","17.04.2001",6437.1,-0.027926603263272
"5095","16.04.2001",6368.8,-0.0106670593447767
"5096","12.04.2001",6362.6,-0.000973969946764518
"5097","11.04.2001",6291.4,-0.0112534773826801
"5098","10.04.2001",6342.4,0.00807362425069033
"5099","09.04.2001",6214.1,-0.0204363421781904
"5100","06.04.2001",6164.8,-0.00796520864553057
"5101","05.04.2001",6265.5,0.0162026987334464
"5102","04.04.2001",6055.7,-0.0340584163636978
"5103","03.04.2001",6049,-0.00110700813472764
"5104","02.04.2001",6231,0.0296438644373078
"5105","30.03.2001",6298.4,0.0107587993260353
"5106","29.03.2001",6224.5,-0.0118025150484168
"5107","28.03.2001",6239.1,0.00234282337014433
"5108","27.03.2001",6341,0.0162005435080466
"5109","26.03.2001",6206.9,-0.0213749082587571
"5110","23.03.2001",6110.2,-0.0157020705871313
"5111","22.03.2001",5988.4,-0.0201352412784617
"5112","21.03.2001",6081.4,0.0154106680359338
"5113","20.03.2001",6201.9,0.0196207640877663
"5114","19.03.2001",6303.7,0.0162810658734618
"5115","16.03.2001",6213.8,-0.0143641375256452
"5116","15.03.2001",6332.1,0.0188593096274837
"5117","14.03.2001",6278.3,-0.00853269149541106
"5118","13.03.2001",6443,0.0258950269593717
"5119","12.03.2001",6407.4,-0.00554069773308797
"5120","09.03.2001",6650.8,0.0372835757606698
"5121","08.03.2001",6759.3,0.0161821862132254
"5122","07.03.2001",6721.8,-0.0055633585867172
"5123","06.03.2001",6684.5,-0.00556456236955536
"5124","05.03.2001",6649.3,-0.00527982747172715
"5125","02.03.2001",6628.4,-0.00314813819581139
"5126","01.03.2001",6610.2,-0.00274953718156449
"5127","28.02.2001",6629.1,0.00285513778509481
"5128","27.02.2001",6698,0.010339925994981
"5129","26.02.2001",6708.9,0.00162602874663128
"5130","23.02.2001",6587.4,-0.0182762696320394
"5131","22.02.2001",6636.3,0.00739584577634507
"5132","21.02.2001",6658.7,0.00336969104109137
"5133","20.02.2001",6781.4,0.0182593000077206
"5134","16.02.2001",6850.5,0.0101380719992646
"5135","15.02.2001",6920,0.010094127318552
"5136","14.02.2001",6894.4,-0.00370628175014169
"5137","13.02.2001",6954.5,0.00867944418561136
"5138","12.02.2001",6989.1,0.00496286052618062
"5139","09.02.2001",6907.6,-0.0117295378628506
"5140","08.02.2001",6955,0.00683857064702829
"5141","07.02.2001",6974.4,0.00278547712658485
"5142","06.02.2001",7002.6,0.00403520616223499
"5143","05.02.2001",7016.7,0.00201151337859496
"5144","02.02.2001",6981,-0.00510084905455649
"5145","01.02.2001",7048.1,0.00956590396720689
"5146","31.01.2001",7017.1,-0.00440804968240485
"5147","30.01.2001",7023,0.000840449903817136
"5148","29.01.2001",6959.4,-0.00909721344313494
"5149","26.01.2001",6931.2,-0.00406030534926871
"5150","25.01.2001",6961.4,0.00434764515930276
"5151","24.01.2001",6939.1,-0.0032085204317543
"5152","23.01.2001",6928.1,-0.00158647777592724
"5153","22.01.2001",6853.8,-0.0107823623502815
"5154","19.01.2001",6836.7,-0.00249808391112121
"5155","18.01.2001",6889,0.00762077753636056
"5156","17.01.2001",6852.4,-0.00532698073689242
"5157","16.01.2001",6874.8,0.00326359634622912
"5158","12.01.2001",6813.3,-0.0089859679328751
"5159","11.01.2001",6835.5,0.00325303610238966
"5160","10.01.2001",6802.4,-0.00485412930046427
"5161","09.01.2001",6754.8,-0.00702212781360147
"5162","08.01.2001",6759,0.000621586842372828
"5163","05.01.2001",6774.1,0.00223156649494364
"5164","04.01.2001",6894.8,0.0176609876849387
"5165","03.01.2001",6968.8,0.010675539224446
"5166","02.01.2001",6785.7,-0.026625586802637
"5167","29.12.2000",6945.6,0.0232909088432839
"5168","28.12.2000",6977.6,0.00459665254317298
"5169","27.12.2000",6911.6,-0.00950385864953529
"5170","26.12.2000",6831.6,-0.0116422526939301
"5171","22.12.2000",6762.4,-0.0101810501303187
"5172","21.12.2000",6653.8,-0.0161897365965258
"5173","20.12.2000",6608.3,-0.00686168533216623
"5174","19.12.2000",6765.7,0.0235392953278326
"5175","18.12.2000",6801.3,0.00524804034903531
"5176","15.12.2000",6723.4,-0.0115197914154958
"5177","14.12.2000",6826.2,0.0151741708263279
"5178","13.12.2000",6907.8,0.0118830581339479
"5179","12.12.2000",6925.8,0.00260236094124767
"5180","11.12.2000",6952.5,0.00384773825919837
"5181","08.12.2000",6929.7,-0.00328478490450198
"5182","07.12.2000",6817.7,-0.0162943506472142
"5183","06.12.2000",6827.7,0.00146569566157389
"5184","05.12.2000",6907.5,0.0116199105795941
"5185","04.12.2000",6739.8,-0.024577526921993
"5186","01.12.2000",6677.2,-0.00933151289434559
"5187","30.11.2000",6659.1,-0.00271439771350822
"5188","29.11.2000",6739.9,0.0120607477333095
"5189","28.11.2000",6707.2,-0.00486351175442047
"5190","27.11.2000",6734.7,0.00409168917591865
"5191","24.11.2000",6683.5,-0.0076314630110045
"5192","22.11.2000",6624,-0.00894238534643206
"5193","21.11.2000",6716.8,0.0139124335612182
"5194","20.11.2000",6707.3,-0.00141536513969846
"5195","17.11.2000",6806.7,0.0147109357115877
"5196","16.11.2000",6841.4,0.00508496783720782
"5197","15.11.2000",6884.5,0.00628011884901611
"5198","14.11.2000",6857.3,-0.00395872964562847
"5199","13.11.2000",6757.1,-0.0147199743289158
"5200","10.11.2000",6835.3,0.0115065570186768
"5201","09.11.2000",6938.5,0.0149852518825057
"5202","08.11.2000",6997.7,0.00849591080639496
"5203","07.11.2000",7026.5,0.00410719192333962
"5204","06.11.2000",7035.6,0.00129425921737001
"5205","03.11.2000",6992.9,-0.00608762617084913
"5206","02.11.2000",7012.8,0.00284170207722426
"5207","01.11.2000",7026.2,0.00190896845492019
"5208","31.10.2000",7042.3,0.00228880222176862
"5209","30.10.2000",6920.8,-0.0174034514750689
"5210","27.10.2000",6777.9,-0.0208640504226393
"5211","26.10.2000",6698.3,-0.0118135566029949
"5212","25.10.2000",6730.2,0.00475109803870212
"5213","24.10.2000",6836.3,0.0156417887063653
"5214","23.10.2000",6791.4,-0.00658954371916851
"5215","20.10.2000",6790.1,-0.000191436881635948
"5216","19.10.2000",6753,-0.00547881840995149
"5217","18.10.2000",6609.7,-0.0214485835381982
"5218","17.10.2000",6655.7,0.0069353633332379
"5219","16.10.2000",6784.9,0.0192259243969617
"5220","13.10.2000",6741.9,-0.00635777047678666
"5221","12.10.2000",6599.3,-0.021378201506424
"5222","11.10.2000",6771.6,0.0257738129794623
"5223","10.10.2000",6876.7,0.0154014899320879
"5224","09.10.2000",6910.5,0.00490310834889875
"5225","06.10.2000",6937.6,0.00391389932113631
"5226","05.10.2000",7061.9,0.0177582437283219
"5227","04.10.2000",7033,-0.00410077978552135
"5228","03.10.2000",7027.5,-0.00078233352733134
"5229","02.10.2000",7046,0.00262905612049595
"5230","29.09.2000",7010.8,-0.00500826270216195
"5231","28.09.2000",7060.6,0.00707821651286928
"5232","27.09.2000",6936.9,-0.0176750448838587
"5233","26.09.2000",6924,-0.00186135153193166
"5234","25.09.2000",6973.2,0.0070805925729604
"5235","22.09.2000",6971.7,-0.000215132414830524
"5236","21.09.2000",6917.6,-0.00779020880800905
"5237","20.09.2000",6913.5,-0.000592866817547906
"5238","19.09.2000",6990.4,0.0110617573684987
"5239","18.09.2000",6976.3,-0.00201908894587054
"5240","15.09.2000",7078.3,0.014515075610374
"5241","14.09.2000",7131.1,0.00743173434694613
"5242","13.09.2000",7139.6,0.00119125214673181
"5243","12.09.2000",7146.1,0.000910000972798613
"5244","11.09.2000",7161,0.00208288267878833
"5245","08.09.2000",7145,-0.00223682464297202
"5246","07.09.2000",7142.5,-0.000349956259039612
"5247","06.09.2000",7131.6,-0.00152724194431288
"5248","05.09.2000",7150,0.00257674352743813
"5249","01.09.2000",7164.5,0.00202591846860427
"5250","31.08.2000",7132.3,-0.00450451212110454
"5251","30.08.2000",7089.3,-0.00604715799005497
"5252","29.08.2000",7120.8,0.00443347359922381
"5253","28.08.2000",7140,0.0026926976889083
"5254","25.08.2000",7111.1,-0.00405583282926117
"5255","24.08.2000",7104.9,-0.000872256667571324
"5256","23.08.2000",7107.9,0.000422154683743296
"5257","22.08.2000",7101.5,-0.000900812199358138
"5258","21.08.2000",7096.7,-0.000676142071934109
"5259","18.08.2000",7073.3,-0.00330275529583224
"5260","17.08.2000",7097,0.00334502757156642
"5261","16.08.2000",7044.8,-0.00738240352349347
"5262","15.08.2000",7063.4,0.00263676596255041
"5263","14.08.2000",7106.1,0.00602704813260619
"5264","11.08.2000",7028.8,-0.0109375758751308
"5265","10.08.2000",6970.7,-0.00830034409367331
"5266","09.08.2000",6984.7,0.00200639246407072
"5267","08.08.2000",7038.9,0.00772986535187269
"5268","07.08.2000",7015.9,-0.0032729061290329
"5269","04.08.2000",6955.3,-0.00867504295181403
"5270","03.08.2000",6891,-0.00928774650573018
"5271","02.08.2000",6876.2,-0.00215003859917597
"5272","01.08.2000",6851.4,-0.00361316282237466
"5273","31.07.2000",6773.9,-0.0113760189934472
"5274","28.07.2000",6758.3,-0.00230561282136009
"5275","27.07.2000",6843.3,0.0124986922915527
"5276","26.07.2000",6818,-0.00370389771455423
"5277","25.07.2000",6900,0.0119552378875024
"5278","24.07.2000",6883.5,-0.00239416808235286
"5279","21.07.2000",6929.8,0.00670370923563249
"5280","20.07.2000",6980.7,0.00731824552238099
"5281","19.07.2000",6946.4,-0.00492565851457591
"5282","18.07.2000",6959.7,0.00191283020477383
"5283","17.07.2000",7012.5,0.00755790087974257
"5284","14.07.2000",7018.8,0.000897992406028593
"5285","13.07.2000",6975.6,-0.00617391774167515
"5286","12.07.2000",6990.6,0.00214804395864528
"5287","11.07.2000",6977.6,-0.00186137136544845
"5288","10.07.2000",6939.4,-0.00548970265654158
"5289","07.07.2000",6919,-0.00294406493314934
"5290","06.07.2000",6828,-0.0132394455844798
"5291","05.07.2000",6819,-0.0013189713936783
"5292","03.07.2000",6874.9,0.00816426445378748
"5293","30.06.2000",6798.2,-0.0112192267333811
"5294","29.06.2000",6796.3,-0.000279524809646725
"5295","28.06.2000",6811.7,0.00226337545184399
"5296","27.06.2000",6806.4,-0.000778375877338613
"5297","26.06.2000",6808.9,0.00036723392478991
"5298","23.06.2000",6766.8,-0.00620227832957111
"5299","22.06.2000",6783.5,0.00246489132422658
"5300","21.06.2000",6862.1,0.0115203243976305
"5301","20.06.2000",6865.1,0.000437088415374116
"5302","19.06.2000",6918.9,0.00780619170036866
"5303","16.06.2000",6869.5,-0.00716547407473372
"5304","15.06.2000",6951.6,0.0118805255265758
"5305","14.06.2000",6944.1,-0.00107947073242596
"5306","13.06.2000",6911.3,-0.00473462495088098
"5307","12.06.2000",6838.9,-0.0105308532368419
"5308","09.06.2000",6856.4,0.00255562266247202
"5309","08.06.2000",6893.4,0.00538190945447223
"5310","07.06.2000",6935.1,0.0060310411682669
"5311","06.06.2000",6904.6,-0.00440761712712965
"5312","05.06.2000",6927.5,0.00331114160862206
"5313","02.06.2000",6975.4,0.00689067597836886
"5314","01.06.2000",6888.4,-0.0125508362847581
"5315","31.05.2000",6805.3,-0.0121371170854556
"5316","30.05.2000",6781.8,-0.00345916692054823
"5317","26.05.2000",6649.7,-0.0196708125744076
"5318","25.05.2000",6659.3,0.0014426330550683
"5319","24.05.2000",6716.2,0.00850814447935845
"5320","23.05.2000",6664.4,-0.007742591329846
"5321","22.05.2000",6713.5,0.00734049745784924
"5322","19.05.2000",6762.4,0.00725743210195517
"5323","18.05.2000",6868.6,0.0155824442641835
"5324","17.05.2000",6883.3,0.00213788721543031
"5325","16.05.2000",6966.3,0.0119860492264236
"5326","15.05.2000",6934,-0.00464739007578641
"5327","12.05.2000",6797.4,-0.0198966611374709
"5328","11.05.2000",6734.3,-0.00932631633425173
"5329","10.05.2000",6644.1,-0.0134846269793367
"5330","09.05.2000",6728,0.0125486798588746
"5331","08.05.2000",6770.4,0.00628224670311223
"5332","05.05.2000",6749.5,-0.00309174130701439
"5333","04.05.2000",6677,-0.0107996431910129
"5334","03.05.2000",6681.6,0.00068869495034142
"5335","02.05.2000",6828,0.021674325106121
"5336","01.05.2000",6879,0.00744148761168287
"5337","28.04.2000",6811.2,-0.00990497645212625
"5338","27.04.2000",6877.7,0.0097159776364409
"5339","26.04.2000",6918.5,0.00591468939911047
"5340","25.04.2000",6965.7,0.00679912156699073
"5341","24.04.2000",6790.2,-0.0255177084764788
"5342","20.04.2000",6761,-0.00430958810927303
"5343","19.04.2000",6696,-0.00966047492136664
"5344","18.04.2000",6712.3,0.00243133104563754
"5345","17.04.2000",6557.9,-0.0232712344780033
"5346","14.04.2000",6465.7,-0.0141591480636451
"5347","13.04.2000",6815.9,0.0527468363667234
"5348","12.04.2000",6917.9,0.0148541373078043
"5349","11.04.2000",6991.4,0.0105685669484729
"5350","10.04.2000",6975.6,-0.00226247680099572
"5351","07.04.2000",6972.6,-0.000430163038422177
"5352","06.04.2000",6965.9,-0.000961366074688954
"5353","05.04.2000",6878.5,-0.0126262114811439
"5354","04.04.2000",6897.2,0.00271492722492634
"5355","03.04.2000",6975.1,0.01123113237838
"5356","31.03.2000",6848.6,-0.0183024126984782
"5357","30.03.2000",6827.1,-0.00314426577259573
"5358","29.03.2000",6866.2,0.0057108376017669
"5359","28.03.2000",6824.9,-0.00603313470388299
"5360","27.03.2000",6863.8,0.00568353528298811
"5361","24.03.2000",6899.4,0.00517322706851947
"5362","23.03.2000",6897.4,-0.000289922302854117
"5363","22.03.2000",6801.5,-0.0140013529063352
"5364","21.03.2000",6796.7,-0.000705975820235118
"5365","20.03.2000",6673.5,-0.0182927403390434
"5366","17.03.2000",6693,0.00291774418643603
"5367","16.03.2000",6708.4,0.00229826835683051
"5368","15.03.2000",6397.3,-0.0474844461240034
"5369","14.03.2000",6221.9,-0.0278007000076145
"5370","13.03.2000",6287.3,0.0104563994310891
"5371","10.03.2000",6337.3,0.00792108445912034
"5372","09.03.2000",6376,0.00608813125398677
"5373","08.03.2000",6251.5,-0.0197195065349966
"5374","07.03.2000",6223.4,-0.00450505375198226
"5375","06.03.2000",6386.7,0.0259013218667304
"5376","03.03.2000",6455,0.0106373212309404
"5377","02.03.2000",6360.1,-0.0148109237997441
"5378","01.03.2000",6338.7,-0.00337040039341478
"5379","29.02.2000",6266.4,-0.0114716730345553
"5380","28.02.2000",6177.2,-0.0143369327041829
"5381","25.02.2000",6094.9,-0.0134127384589627
"5382","24.02.2000",6170.5,0.0123275160033552
"5383","23.02.2000",6224,0.00863291496498922
"5384","22.02.2000",6239.8,0.00253534370954123
"5385","18.02.2000",6203.3,-0.00586672206915067
"5386","17.02.2000",6357.6,0.0245695391273516
"5387","16.02.2000",6396.8,0.00614691768011131
"5388","15.02.2000",6459.3,0.00972308746616464
"5389","14.02.2000",6398.1,-0.00951988150058871
"5390","11.02.2000",6391.4,-0.00104773456552794
"5391","10.02.2000",6496.8,0.0163564112620723
"5392","09.02.2000",6523.8,0.00414728026355757
"5393","08.02.2000",6651.3,0.0193552960345153
"5394","07.02.2000",6596.3,-0.00830343851069448
"5395","04.02.2000",6628.7,0.00489982076706713
"5396","03.02.2000",6657.5,0.00433533216544049
"5397","02.02.2000",6618.4,-0.00589038981211418
"5398","01.02.2000",6606.9,-0.00173909142301814
"5399","31.01.2000",6574,-0.00499208222879025
"5400","28.01.2000",6469.1,-0.0160854799598839
"5401","27.01.2000",6627.2,0.0241453969369842
"5402","26.01.2000",6644.9,0.00266725092389061
"5403","25.01.2000",6606.8,-0.00575022147822029
"5404","24.01.2000",6611.1,0.000650632876885225
"5405","21.01.2000",6762.8,0.0226869509389907
"5406","20.01.2000",6772.6,0.00144805498358937
"5407","19.01.2000",6824,0.00756074972511432
"5408","18.01.2000",6808.6,-0.00225929119179634
"5409","14.01.2000",6870.5,0.00905036479211046
"5410","13.01.2000",6836.8,-0.00491709788206854
"5411","12.01.2000",6766.5,-0.0103358193732003
"5412","11.01.2000",6774.5,0.00118159676992546
"5413","10.01.2000",6838.5,0.00940284603511999
"5414","07.01.2000",6792.7,-0.00671990321460561
"5415","06.01.2000",6635.4,-0.0234295537976309
"5416","05.01.2000",6567,-0.0103618451183967
"5417","04.01.2000",6543.8,-0.00353907072261588
"5418","03.01.2000",6762.1,0.0328154562142308
"5419","31.12.1999",6876.1,0.0167181380535498
"5420","30.12.1999",6843.4,-0.00476694659751121
"5421","29.12.1999",6831,-0.00181360840677679
"5422","28.12.1999",6812.6,-0.00269723696900115
"5423","27.12.1999",6790.9,-0.00319035812929183
"5424","23.12.1999",6810.1,0.00282332369000067
"5425","22.12.1999",6705.4,-0.0154936324147759
"5426","21.12.1999",6692,-0.00200038880206647
"5427","20.12.1999",6655.5,-0.00546920261964071
"5428","17.12.1999",6678.9,0.00350972282523335
"5429","16.12.1999",6680.1,0.000179654166214383
"5430","15.12.1999",6681.9,0.000269420747026894
"5431","14.12.1999",6683.3,0.000209499297447296
"5432","13.12.1999",6730.3,0.00700784164530538
"5433","10.12.1999",6761.8,0.00466940761391016
"5434","09.12.1999",6725.4,-0.00539772352710658
"5435","08.12.1999",6707,-0.00273964615536744
"5436","07.12.1999",6715.2,0.00122185647958924
"5437","06.12.1999",6784.7,0.0102964635315778
"5438","03.12.1999",6838.4,0.00788370901392414
"5439","02.12.1999",6737.2,-0.0149093778005975
"5440","01.12.1999",6711.9,-0.00376233797709082
"5441","30.11.1999",6673.9,-0.00567767366620496
"5442","29.11.1999",6730.2,0.00840046419829746
"5443","26.11.1999",6766.7,0.00540866257877745
"5444","24.11.1999",6763.3,-0.000502586854629336
"5445","23.11.1999",6737,-0.00389621464272086
"5446","22.11.1999",6816.3,0.0117020806644075
"5447","19.11.1999",6831.9,0.00228601673387452
"5448","18.11.1999",6861.3,0.00429410878048127
"5449","17.11.1999",6814.9,-0.00678553663075404
"5450","16.11.1999",6847.8,0.00481604127894021
"5451","15.11.1999",6738.7,-0.0160604048229545
"5452","12.11.1999",6732,-0.000994751653958262
"5453","11.11.1999",6655,-0.0115038244814846
"5454","10.11.1999",6651.1,-0.000586197324787696
"5455","09.11.1999",6619,-0.00483795338550155
"5456","08.11.1999",6665.4,0.00698566569680878
"5457","05.11.1999",6633.5,-0.00479739845876013
"5458","04.11.1999",6605.6,-0.0042147942537526
"5459","03.11.1999",6571.1,-0.00523652793734176
"5460","02.11.1999",6539.4,-0.00483582804255629
"5461","01.11.1999",6573.9,0.00526184554614648
"5462","29.10.1999",6613.5,0.00600575079663463
"5463","28.10.1999",6536.1,-0.0117723571657041
"5464","27.10.1999",6324.6,-0.0328938658111994
"5465","26.10.1999",6251.6,-0.01160936052116
"5466","25.10.1999",6315.8,0.0102169992949819
"5467","22.10.1999",6356.5,0.00642348112715679
"5468","21.10.1999",6252.1,-0.0165605040950887
"5469","20.10.1999",6278.6,0.00422961837827828
"5470","19.10.1999",6186.2,-0.0148260208808312
"5471","18.10.1999",6128.8,-0.00932203258992434
"5472","15.10.1999",6092.3,-0.00597329348869042
"5473","14.10.1999",6252.6,0.025971698512516
"5474","13.10.1999",6260.6,0.00127864992007865
"5475","12.10.1999",6380,0.01889207019232
"5476","11.10.1999",6485.2,0.0163545603370786
"5477","08.10.1999",6487.1,0.000292931864601909
"5478","07.10.1999",6414.1,-0.0113168975140349
"5479","06.10.1999",6448.9,0.00541088158362942
"5480","05.10.1999",6336.8,-0.0175356644600403
"5481","04.10.1999",6350.5,0.00215964079430417
"5482","01.10.1999",6264.7,-0.0136028478365504
"5483","30.09.1999",6268,0.000526622368087591
"5484","29.09.1999",6198.7,-0.0111177318474668
"5485","28.09.1999",6239.4,0.00654443126579728
"5486","27.09.1999",6255.6,0.00259303866781863
"5487","24.09.1999",6233.6,-0.00352304755389926
"5488","23.09.1999",6248.9,0.00245143323246829
"5489","22.09.1999",6356.5,0.0170724631495475
"5490","21.09.1999",6354.7,-0.000283214804586838
"5491","20.09.1999",6472.2,0.018321385023848
"5492","17.09.1999",6482.8,0.0016364341745262
"5493","16.09.1999",6421.6,-0.00948520796659738
"5494","15.09.1999",6433.8,0.00189803563678778
"5495","14.09.1999",6504,0.0108520287734914
"5496","13.09.1999",6564.3,0.00922850377706893
"5497","10.09.1999",6586.4,0.0033610409795008
"5498","09.09.1999",6576.8,-0.00145861214629257
"5499","08.09.1999",6575.5,-0.000197684055904142
"5500","07.09.1999",6594.9,0.00294600225216133
"5501","03.09.1999",6618,0.00349658644737655
"5502","02.09.1999",6464,-0.0235448882806262
"5503","01.09.1999",6527.1,0.00971441929133528
"5504","31.08.1999",6474.6,-0.00807591089452351
"5505","30.08.1999",6504.2,0.00456129246462562
"5506","27.08.1999",6616.1,0.0170579503999652
"5507","26.08.1999",6686.2,0.0105396283218882
"5508","25.08.1999",6766.8,0.0119826008169149
"5509","24.08.1999",6702.5,-0.0095477104910224
"5510","23.08.1999",6712.3,0.00146107310483447
"5511","20.08.1999",6620.1,-0.0138311886578041
"5512","19.08.1999",6559.5,-0.00919609503605968
"5513","18.08.1999",6594.3,0.0052912589810527
"5514","17.08.1999",6647.8,0.00808033334474639
"5515","16.08.1999",6586.3,-0.00929423877885073
"5516","13.08.1999",6570.3,-0.00243224053140246
"5517","12.08.1999",6456.6,-0.0174566301022292
"5518","11.08.1999",6452.3,-0.000666207060096534
"5519","10.08.1999",6379.9,-0.011284233139499
"5520","09.08.1999",6454.8,0.0116716168323911
"5521","06.08.1999",6461,0.000960064490968286
"5522","05.08.1999",6528.1,0.0103318315958995
"5523","04.08.1999",6497.1,-0.00476001267273021
"5524","03.08.1999",6581.1,0.0128459811184168
"5525","02.08.1999",6612.2,0.00471452291757838
"5526","30.07.1999",6619.9,0.00116383655944968
"5527","29.07.1999",6670,0.00753959583288972
"5528","28.07.1999",6771.4,0.0150880003000006
"5529","27.07.1999",6774.5,0.000457703076815787
"5530","26.07.1999",6723.8,-0.00751209240022804
"5531","23.07.1999",6755.2,0.0046591077677437
"5532","22.07.1999",6786,0.00454908769017408
"5533","21.07.1999",6846.3,0.00884669399529944
"5534","20.07.1999",6844.1,-0.000321393095736707
"5535","19.07.1999",6963.5,0.0172952542494084
"5536","16.07.1999",7011.6,0.00688369885524513
"5537","15.07.1999",6986.6,-0.00357189161178068
"5538","14.07.1999",6924.7,-0.00889929891910532
"5539","13.07.1999",6911.4,-0.00192250765699
"5540","12.07.1999",6934.1,0.00327904667068363
"5541","09.07.1999",6954.1,0.00288014484604034
"5542","08.07.1999",6915.8,-0.00552276474217596
"5543","07.07.1999",6941.3,0.00368042790833372
"5544","06.07.1999",6923.4,-0.00258209841472053
"5545","02.07.1999",6927.1,0.000534276753621056
"5546","01.07.1999",6887,-0.00580567863759992
"5547","30.06.1999",6853.1,-0.00493447191591525
"5548","29.06.1999",6745.9,-0.015766191716228
"5549","28.06.1999",6649.7,-0.0143631720622223
"5550","25.06.1999",6591,-0.00886665879761282
"5551","24.06.1999",6597.7,0.00101602137835688
"5552","23.06.1999",6669.4,0.0108087974099083
"5553","22.06.1999",6694.3,0.00372651717943004
"5554","21.06.1999",6734.8,0.00603169576322982
"5555","18.06.1999",6730.7,-0.000608963666659689
"5556","17.06.1999",6725.6,-0.000758009295897868
"5557","16.06.1999",6684.4,-0.00614468749185964
"5558","15.06.1999",6579.8,-0.0157721036085842
"5559","14.06.1999",6551.5,-0.00431031867600333
"5560","11.06.1999",6550.4,-0.000167914577669612
"5561","10.06.1999",6585.9,0.00540488363101633
"5562","09.06.1999",6653.8,0.0102571199202053
"5563","08.06.1999",6669.6,0.00237176807821179
"5564","07.06.1999",6734.8,0.00972822568724094
"5565","04.06.1999",6709.2,-0.00380839496304475
"5566","03.06.1999",6600.1,-0.0163949184057145
"5567","02.06.1999",6561,-0.00594177007000792
"5568","01.06.1999",6569.3,0.00126425155640207
"5569","28.05.1999",6579.6,0.00156667129672342
"5570","27.05.1999",6492.5,-0.0133262886610996
"5571","26.05.1999",6606.9,0.0174668929160514
"5572","25.05.1999",6527.6,-0.0120752161961754
"5573","24.05.1999",6619.7,0.0140107104268741
"5574","21.05.1999",6734.1,0.0171341189419556
"5575","20.05.1999",6761,0.00398663746506834
"5576","19.05.1999",6762.3,0.000192260765346502
"5577","18.05.1999",6705.8,-0.00839024531277067
"5578","17.05.1999",6734.6,0.00428559329768914
"5579","14.05.1999",6750.8,0.00240259952138666
"5580","13.05.1999",6887.2,0.0200035999814155
"5581","12.05.1999",6848.4,-0.00564956801308215
"5582","11.05.1999",6828.2,-0.00295395269123741
"5583","10.05.1999",6760.2,-0.0100086202412499
"5584","07.05.1999",6780.3,0.00296887334497231
"5585","06.05.1999",6727.2,-0.00786233922445929
"5586","05.05.1999",6772.9,0.00677034608109175
"5587","04.05.1999",6726,-0.00694874229956506
"5588","03.05.1999",6811.4,0.0126170657440331
"5589","30.04.1999",6706.9,-0.0154608318513988
"5590","29.04.1999",6747,0.00596111443457616
"5591","28.04.1999",6770.6,0.00349174764428437
"5592","27.04.1999",6801.8,0.00459757374642073
"5593","26.04.1999",6754.8,-0.00693391976014909
"5594","23.04.1999",6759.8,0.000739940542543608
"5595","22.04.1999",6777.4,0.00260024376038239
"5596","21.04.1999",6700.7,-0.0113815490273151
"5597","20.04.1999",6564.6,-0.0205204218227928
"5598","19.04.1999",6512.1,-0.00802959188097298
"5599","16.04.1999",6607.5,0.0145433826486179
"5600","15.04.1999",6586.3,-0.00321363341041093
"5601","14.04.1999",6615.7,0.00445387798829034
"5602","13.04.1999",6679.1,0.00953763585847129
"5603","12.04.1999",6694.5,0.0023030458226393
"5604","09.04.1999",6625.4,-0.0103755463471602
"5605","08.04.1999",6601,-0.00368959470150327
"5606","07.04.1999",6515.9,-0.0129758089231503
"5607","06.04.1999",6474.5,-0.00637395925672571
"5608","05.04.1999",6498.9,0.00376154728446051
"5609","01.04.1999",6397,-0.0158038013432177
"5610","31.03.1999",6382.2,-0.00231626496446347
"5611","30.03.1999",6435.7,0.00834774973720606
"5612","29.03.1999",6483.4,0.00738444887908481
"5613","26.03.1999",6369.1,-0.0177868918018887
"5614","25.03.1999",6395.6,0.00415208161118932
"5615","24.03.1999",6308.2,-0.0137598795605034
"5616","23.03.1999",6296.1,-0.00191998027927656
"5617","22.03.1999",6455.2,0.0249556134628115
"5618","19.03.1999",6457.2,0.000309779749077478
"5619","18.03.1999",6530.4,0.011272409853772
"5620","17.03.1999",6456.9,-0.0113188706989031
"5621","16.03.1999",6493.1,0.00559074815294007
"5622","15.03.1999",6505.2,0.00186178246310945
"5623","12.03.1999",6466.3,-0.00599778230947504
"5624","11.03.1999",6467.6,0.000201022120841871
"5625","10.03.1999",6412.8,-0.00850910385522326
"5626","09.03.1999",6375.2,-0.00588052992689799
"5627","08.03.1999",6387.6,0.00194314788317377
"5628","05.03.1999",6377.4,-0.00159812019912111
"5629","04.03.1999",6246.4,-0.0207551929888724
"5630","03.03.1999",6159.7,-0.0139772227358012
"5631","02.03.1999",6163.9,0.000681619033823052
"5632","01.03.1999",6190.2,0.00425770225764477
"5633","26.02.1999",6201.1,0.00175929931668416
"5634","25.02.1999",6211.3,0.00164351814249923
"5635","24.02.1999",6255.1,0.00702691718988087
"5636","23.02.1999",6323.3,0.0108440927823204
"5637","22.02.1999",6346.7,0.00369376899852512
"5638","19.02.1999",6202.1,-0.0230470484028657
"5639","18.02.1999",6201.1,-0.000161248710359757
"5640","17.02.1999",6136.5,-0.0104721486135064
"5641","16.02.1999",6203.9,0.0109235794958199
"5642","12.02.1999",6148.2,-0.00901877049965567
"5643","11.02.1999",6235.8,0.0141475227887037
"5644","10.02.1999",6118.1,-0.0190552880343104
"5645","09.02.1999",6097,-0.00345474388030448
"5646","08.02.1999",6203,0.0172361990653014
"5647","05.02.1999",6209.9,0.00111174676516981
"5648","04.02.1999",6249.6,0.00637266894407247
"5649","03.02.1999",6329.2,0.0126563841624683
"5650","02.02.1999",6281.9,-0.00750136337023076
"5651","01.02.1999",6317.4,0.00563524861617131
"5652","29.01.1999",6348.9,0.00497383844374897
"5653","28.01.1999",6295.6,-0.00843059285707162
"5654","27.01.1999",6218.2,-0.0123705008928413
"5655","26.01.1999",6253.8,0.0057088031887269
"5656","25.01.1999",6196.8,-0.00915624921284386
"5657","22.01.1999",6172.4,-0.00394528856343808
"5658","21.01.1999",6217.7,0.0073123222329575
"5659","20.01.1999",6302.9,0.0136097814963535
"5660","19.01.1999",6289.6,-0.00211236925876473
"5661","15.01.1999",6274.4,-0.00241961276913928
"5662","14.01.1999",6144.1,-0.0209855911617352
"5663","13.01.1999",6246.1,0.0164649972246977
"5664","12.01.1999",6287,0.00652674042164197
"5665","11.01.1999",6387,0.015780665178528
"5666","08.01.1999",6461.2,0.0115503844780139
"5667","07.01.1999",6441.4,-0.00306915126292146
"5668","06.01.1999",6460.7,0.00299176326266623
"5669","05.01.1999",6343.3,-0.0183385332918152
"5670","04.01.1999",6282.1,-0.00969481827834463
"5671","31.12.1998",6299.9,0.00282944076858554
"5672","30.12.1998",6283.6,-0.00259069561198857
"5673","29.12.1998",6313,0.00466793474184089
"5674","28.12.1998",6228,-0.0135557454137366
"5675","24.12.1998",6228.7,0.000112389316710905
"5676","23.12.1998",6227.4,-0.000208733071301637
"5677","22.12.1998",6119.5,-0.0174785163769051
"5678","21.12.1998",6108.4,-0.0018155207433667
"5679","18.12.1998",6048.9,-0.00978843576688694
"5680","17.12.1998",6028.6,-0.00336162601808735
"5681","16.12.1998",5951.9,-0.0128043149975329
"5682","15.12.1998",5950.3,-0.000268857859830468
"5683","14.12.1998",5863.5,-0.0146949435355695
"5684","11.12.1998",5972.3,0.0183854179235827
"5685","10.12.1998",5985.6,0.00222447176917983
"5686","09.12.1998",6077.7,0.0152697503231338
"5687","08.12.1998",6079,0.000213873831706927
"5688","07.12.1998",6104.5,0.00418599536018757
"5689","04.12.1998",6063.9,-0.00667304668784828
"5690","03.12.1998",5957.8,-0.0176518720227766
"5691","02.12.1998",6046,0.014695610941118
"5692","01.12.1998",6062.2,0.00267587414585274
"5693","30.11.1998",6042.9,-0.00318874133276805
"5694","27.11.1998",6164.5,0.0199230011561195
"5695","25.11.1998",6143.8,-0.00336358709426326
"5696","24.11.1998",6129.5,-0.00233026267929533
"5697","23.11.1998",6156.5,0.0043952536978773
"5698","20.11.1998",6049,-0.0176154651260119
"5699","19.11.1998",5992.7,-0.009350907303161
"5700","18.11.1998",5957.9,-0.00582399182713818
"5701","17.11.1998",5932.1,-0.00433978814004595
"5702","16.11.1998",5924.3,-0.00131574527264108
"5703","13.11.1998",5880.8,-0.00736972950405013
"5704","12.11.1998",5842.6,-0.00651690383270796
"5705","11.11.1998",5851.1,0.00145377451055438
"5706","10.11.1998",5894,0.00730520655991586
"5707","09.11.1998",5912.2,0.00308312825751642
"5708","06.11.1998",5975.2,0.0105995574877004
"5709","05.11.1998",5944.3,-0.00518479285562599
"5710","04.11.1998",5869.9,-0.0125951792853271
"5711","03.11.1998",5834.6,-0.00603188637336306
"5712","02.11.1998",5828.7,-0.00101172061136382
"5713","30.10.1998",5745.2,-0.0144292673595093
"5714","29.10.1998",5670.8,-0.0130345223141912
"5715","28.10.1998",5579.2,-0.0162848043220898
"5716","27.10.1998",5580.4,0.000215061472566286
"5717","26.10.1998",5604.1,0.00423801430059484
"5718","23.10.1998",5602.2,-0.000339094976612504
"5719","22.10.1998",5635.8,0.00597972951058965
"5720","21.10.1998",5597.7,-0.00678330815721177
"5721","20.10.1998",5585.9,-0.00211023362403298
"5722","19.10.1998",5556.5,-0.0052771518215788
"5723","16.10.1998",5522,-0.00622830013560149
"5724","15.10.1998",5460.9,-0.011126502170137
"5725","14.10.1998",5254.9,-0.0384526366856929
"5726","13.10.1998",5203.8,-0.00977184671580482
"5727","12.10.1998",5212.3,0.00163208914791487
"5728","09.10.1998",5146.2,-0.0127626388419492
"5729","08.10.1998",5045.8,-0.0197023641636655
"5730","07.10.1998",5124.9,0.0155547985603564
"5731","06.10.1998",5197.1,0.0139897650725079
"5732","05.10.1998",5206.9,0.00188389136839427
"5733","02.10.1998",5267.4,0.0115522130981943
"5734","01.10.1998",5183.5,-0.0160563783970513
"5735","30.09.1998",5334.1,0.0286396694596006
"5736","29.09.1998",5480.1,0.0270031757279803
"5737","28.09.1998",5477.5,-0.000474556481126247
"5738","25.09.1998",5452.7,-0.00453789364472287
"5739","24.09.1998",5462.3,0.00175904763635353
"5740","23.09.1998",5571.8,0.0198482150397611
"5741","22.09.1998",5399,-0.0315044102827264
"5742","21.09.1998",5365.4,-0.00624282061681017
"5743","18.09.1998",5366.6,0.000223630265561177
"5744","17.09.1998",5353.6,-0.00242532907453327
"5745","16.09.1998",5477.7,0.0229160730182921
"5746","15.09.1998",5434,-0.00800979382450385
"5747","14.09.1998",5394.8,-0.0072399843435905
"5748","11.09.1998",5287.2,-0.0201467214864595
"5749","10.09.1998",5157.5,-0.0248368392108362
"5750","09.09.1998",5292.9,0.0259143338567228
"5751","08.09.1998",5377.7,0.0158944736518693
"5752","04.09.1998",5142.1,-0.0447992171315424
"5753","03.09.1998",5180,0.00734349993107237
"5754","02.09.1998",5230.1,0.0096253420815372
"5755","01.09.1998",5243.8,0.00261602799589678
"5756","31.08.1998",5081.7,-0.031400575070517
"5757","28.08.1998",5415,0.0635270291746451
"5758","27.08.1998",5485.9,0.0130082836790412
"5759","26.08.1998",5705.2,0.0391968755351351
"5760","25.08.1998",5762.8,0.0100454280380508
"5761","24.08.1998",5749.1,-0.00238014688585797
"5762","21.08.1998",5718.5,-0.00533678758018853
"5763","20.08.1998",5775.6,0.00993561387579255
"5764","19.08.1998",5816.1,0.00698778691620742
"5765","18.08.1998",5837,0.00358703219051952
"5766","17.08.1998",5752,-0.0146693458029084
"5767","14.08.1998",5664.5,-0.0153289910873393
"5768","13.08.1998",5721,0.00992498595498544
"5769","12.08.1998",5767.5,0.0080950957793799
"5770","11.08.1998",5688.1,-0.0138624378473623
"5771","10.08.1998",5770.3,0.0143477990175971
"5772","07.08.1998",5810.3,0.00690813240664289
"5773","06.08.1998",5792.3,-0.00310275532046842
"5774","05.08.1998",5752.2,-0.00694705899331224
"5775","04.08.1998",5724.2,-0.00487958864409461
"5776","03.08.1998",5930.7,0.03543944820309
"5777","31.07.1998",5977,0.00777651995425277
"5778","30.07.1998",6082.6,0.0175134663065806
"5779","29.07.1998",5999.8,-0.0137061008095441
"5780","28.07.1998",6021.6,0.00362686939903152
"5781","27.07.1998",6105.6,0.0138533780935905
"5782","24.07.1998",6093.9,-0.00191811198609371
"5783","23.07.1998",6097.7,0.00062338005234048
"5784","22.07.1998",6225.9,0.0208063593155646
"5785","21.07.1998",6245.6,0.00315920561035694
"5786","20.07.1998",6335.9,0.0143546557353475
"5787","17.07.1998",6352.2,0.00256933803596021
"5788","16.07.1998",6344.1,-0.00127596246133971
"5789","15.07.1998",6296.5,-0.00753132367014824
"5790","14.07.1998",6319,0.00356704432755412
"5791","13.07.1998",6253.5,-0.010419660784494
"5792","10.07.1998",6261.5,0.00127846601512578
"5793","09.07.1998",6240.9,-0.0032953702716405
"5794","08.07.1998",6284.5,0.0069618816324456
"5795","07.07.1998",6236,-0.00774733318722503
"5796","06.07.1998",6247.2,0.00179441217079804
"5797","02.07.1998",6194.1,-0.00853613728952183
"5798","01.07.1998",6192,-0.000339089789380356
"5799","30.06.1998",6119.3,-0.0118104253899449
"5800","29.06.1998",6134.6,0.002497165465801
"5801","26.06.1998",6106.6,-0.00457472287556633
"5802","25.06.1998",6092,-0.00239371845480032
"5803","24.06.1998",6103,0.00180401852944242
"5804","23.06.1998",6044.3,-0.00966477438104309
"5805","22.06.1998",5972.9,-0.0118831075769871
"5806","19.06.1998",5962.7,-0.00170917297548195
"5807","18.06.1998",6000.5,0.00631940046051332
"5808","17.06.1998",6012.8,0.00204773114765022
"5809","16.06.1998",5909.9,-0.0172616194359285
"5810","15.06.1998",5867.3,-0.00723434870630232
"5811","12.06.1998",5991.8,0.0209973057259714
"5812","11.06.1998",5979.4,-0.0020716393402075
"5813","10.06.1998",6073.2,0.0155654205453533
"5814","09.06.1998",6106.3,0.00543537608116346
"5815","08.06.1998",6099.1,-0.00117980579664164
"5816","05.06.1998",6083.8,-0.00251171856349967
"5817","04.06.1998",5988.4,-0.0158052361533733
"5818","03.06.1998",5936.4,-0.00872137555401836
"5819","02.06.1998",5977.9,0.00696644667962885
"5820","01.06.1998",5975.6,-0.000384824533129744
"5821","29.05.1998",5977.1,0.000250989317538978
"5822","28.05.1998",5996.4,0.00322378865245825
"5823","27.05.1998",5962.8,-0.00561911974188434
"5824","26.05.1998",5987.5,0.00413379332289537
"5825","22.05.1998",6077.6,0.0149359184698413
"5826","21.05.1998",6100,0.00367888997239075
"5827","20.05.1998",6118.3,0.00299550897979859
"5828","19.05.1998",6068.5,-0.00817282259478493
"5829","18.05.1998",6049,-0.00321848843950193
"5830","15.05.1998",6073.5,0.00404207603341131
"5831","14.05.1998",6114.9,0.00679337061746875
"5832","13.05.1998",6124.3,0.00153604840973786
"5833","12.05.1998",6114.6,-0.00158511010482923
"5834","11.05.1998",6082.8,-0.00521423779639894
"5835","08.05.1998",6087.5,0.000772372124541189
"5836","07.05.1998",6029.4,-0.00958998510787724
"5837","06.05.1998",6075.4,0.00760032737958432
"5838","05.05.1998",6130.1,0.00896323234834893
"5839","04.05.1998",6161.6,0.00512542104974328
"5840","01.05.1998",6153,-0.0013967163201542
"5841","30.04.1998",6105,-0.0078316601956853
"5842","29.04.1998",6009,-0.0158497622108772
"5843","28.04.1998",5958.9,-0.00837244506690819
"5844","27.04.1998",5953.5,-0.000906618375789977
"5845","24.04.1998",6074.3,0.0200874743410064
"5846","23.04.1998",6138.6,0.010529946880713
"5847","22.04.1998",6192.2,0.00869373237659028
"5848","21.04.1998",6183.5,-0.00140598130742786
"5849","20.04.1998",6175.2,-0.00134318354646763
"5850","17.04.1998",6176.2,0.000161924964325406
"5851","16.04.1998",6100.1,-0.0123980311303149
"5852","15.04.1998",6162,0.0100962356869585
"5853","14.04.1998",6146.6,-0.00250231675994098
"5854","13.04.1998",6109.2,-0.00610325170038168
"5855","09.04.1998",6115.3,0.000997995910883651
"5856","08.04.1998",6065.9,-0.00811090382259038
"5857","07.04.1998",6109,0.00708016986518324
"5858","06.04.1998",6166.3,0.00933588852129647
"5859","03.04.1998",6165.3,-0.000162184956079041
"5860","02.04.1998",6154.3,-0.00178577273989989
"5861","01.04.1998",6094.8,-0.00971507587988478
"5862","31.03.1998",6056.4,-0.00632038446098271
"5863","30.03.1998",6015.3,-0.00680934065744893
"5864","27.03.1998",6024.9,0.00159465823397412
"5865","26.03.1998",6050.4,0.00422350383107756
"5866","25.03.1998",6056.2,0.000958155129223664
"5867","24.03.1998",6079.5,0.00383991506542963
"5868","23.03.1998",6032.7,-0.00772778403634155
"5869","20.03.1998",6054.6,0.00362364199840687
"5870","19.03.1998",5999.3,-0.0091755179610977
"5871","18.03.1998",5980.7,-0.00310517778719498
"5872","17.03.1998",5954,-0.00447435537452375
"5873","16.03.1998",5941.8,-0.00205114482040959
"5874","13.03.1998",5891.4,-0.00851845735201262
"5875","12.03.1998",5899.1,0.00130613648185899
"5876","11.03.1998",5892.7,-0.00108550019987325
"5877","10.03.1998",5868.4,-0.00413227241979625
"5878","09.03.1998",5809.6,-0.0100703026054175
"5879","06.03.1998",5811.8,0.000378611875725885
"5880","05.03.1998",5713.1,-0.0171285500261406
"5881","04.03.1998",5757,0.00765472216615295
"5882","03.03.1998",5782.7,0.00445419594796327
"5883","02.03.1998",5758.8,-0.00414158197157271
"5884","27.02.1998",5754.9,-0.000677453841798459
"5885","26.02.1998",5745.7,-0.00159991686737435
"5886","25.02.1998",5713.8,-0.00556744751497208
"5887","24.02.1998",5655,-0.0103441918778346
"5888","23.02.1998",5693,0.00669724040086095
"5889","20.02.1998",5683.3,-0.00170530002736772
"5890","19.02.1998",5657,-0.00463833358055846
"5891","18.02.1998",5680.5,0.00414554066680362
"5892","17.02.1998",5633.6,-0.00829058760917112
"5893","13.02.1998",5617.6,-0.00284414298662031
"5894","12.02.1998",5631.7,0.00250682395951654
"5895","11.02.1998",5612,-0.00350418815133277
"5896","10.02.1998",5603.6,-0.00149791390039263
"5897","09.02.1998",5561.5,-0.00754139228987495
"5898","06.02.1998",5565.1,0.000647097968044249
"5899","05.02.1998",5529.7,-0.00638138950322823
"5900","04.02.1998",5536.2,0.00117478031566497
"5901","03.02.1998",5530.1,-0.00110244627704315
"5902","02.02.1998",5506,-0.0043674918329693
"5903","30.01.1998",5399.3,-0.0195690911824631
"5904","29.01.1998",5425.7,0.00487760782268949
"5905","28.01.1998",5384.4,-0.00764103957284105
"5906","27.01.1998",5341.9,-0.00792448885592677
"5907","26.01.1998",5289.8,-0.0098009569597405
"5908","23.01.1998",5294.1,0.000812554963026479
"5909","22.01.1998",5326.9,0.00617646253140334
"5910","21.01.1998",5370.4,0.00813293817584125
"5911","20.01.1998",5412.9,0.0078825999578206
"5912","16.01.1998",5325.7,-0.0162408352451794
"5913","15.01.1998",5265.2,-0.0114250267859304
"5914","14.01.1998",5301.1,0.00679521462383764
"5915","13.01.1998",5263.1,-0.00719413943180276
"5916","12.01.1998",5198.1,-0.0124270325583768
"5917","09.01.1998",5154.4,-0.00844245536047824
"5918","08.01.1998",5304.2,0.0286482407210087
"5919","07.01.1998",5352.2,0.00900873177218442
"5920","06.01.1998",5364.4,0.00227684251915923
"5921","05.01.1998",5421.9,0.0106617736729176
"5922","02.01.1998",5415.3,-0.00121802694717704
"5923","31.12.1997",5405.2,-0.00186682739859451
"5924","30.12.1997",5395.6,-0.0017776465684063
"5925","29.12.1997",5302.6,-0.0173865403057564
"5926","26.12.1997",5219.2,-0.0158531328630737
"5927","24.12.1997",5205.7,-0.00258995434898094
"5928","23.12.1997",5232.4,0.00511588473635819
"5929","22.12.1997",5291.9,0.0113072857947663
"5930","19.12.1997",5259.3,-0.00617941158090012
"5931","18.12.1997",5304.7,0.00859528199698154
"5932","17.12.1997",5356.5,0.00971755667769299
"5933","16.12.1997",5358.2,0.000317321066248163
"5934","15.12.1997",5330.4,-0.00520181552053363
"5935","12.12.1997",5286.9,-0.00819421950989401
"5936","11.12.1997",5291.3,0.000831899615011042
"5937","10.12.1997",5368.3,0.0144473224726826
"5938","09.12.1997",5401.7,0.00620243399726762
"5939","08.12.1997",5429,0.00504123608205652
"5940","05.12.1997",5438.2,0.00169316883795185
"5941","04.12.1997",5386.7,-0.00951517123676077
"5942","03.12.1997",5394.2,0.00139134974072832
"5943","02.12.1997",5367.6,-0.00494342102056771
"5944","01.12.1997",5368.6,0.000186285650954974
"5945","28.11.1997",5277.4,-0.0171336147005082
"5946","26.11.1997",5258.4,-0.00360675422788319
"5947","25.11.1997",5254.9,-0.000665823315096475
"5948","24.11.1997",5235.5,-0.00369862390675317
"5949","21.11.1997",5317,0.0154468837768217
"5950","20.11.1997",5292.6,-0.00459961601156215
"5951","19.11.1997",5222.4,-0.0133525521630432
"5952","18.11.1997",5193.6,-0.00552996800946097
"5953","17.11.1997",5232.7,0.00750029891633415
"5954","14.11.1997",5139.5,-0.0179715987836297
"5955","13.11.1997",5082.7,-0.0111131820114624
"5956","12.11.1997",5042.9,-0.00786130302798296
"5957","11.11.1997",5135.2,0.018137477584037
"5958","10.11.1997",5126.9,-0.00161760298766189
"5959","07.11.1997",5152.5,0.00498084575470753
"5960","06.11.1997",5220.8,0.013168613074442
"5961","05.11.1997",5242.1,0.00407153455062476
"5962","04.11.1997",5224.1,-0.00343964719702583
"5963","03.11.1997",5208.9,-0.00291383317445333
"5964","31.10.1997",5087.4,-0.0236018064801895
"5965","30.10.1997",5031.3,-0.0110884945323205
"5966","29.10.1997",5106.4,0.0148162549361556
"5967","28.10.1997",5103.5,-0.000568076098294445
"5968","27.10.1997",4897.9,-0.0411200370363888
"5969","24.10.1997",5242,0.0678965630761874
"5970","23.10.1997",5281.5,0.00750704337986514
"5971","22.10.1997",5379.9,0.0184596383592712
"5972","21.10.1997",5394.6,0.00272866659629419
"5973","20.10.1997",5310.8,-0.0156559701970353
"5974","17.10.1997",5250.6,-0.0114001272519066
"5975","16.10.1997",5311.2,0.0114754426351091
"5976","15.10.1997",5359.7,0.00909020494425717
"5977","14.10.1997",5377.5,0.00331557879267855
"5978","13.10.1997",5365.1,-0.00230856692181223
"5979","10.10.1997",5359.3,-0.00108164569868335
"5980","09.10.1997",5373.1,0.00257165361063922
"5981","08.10.1997",5388.1,0.00278779498843059
"5982","07.10.1997",5437.1,0.00905301235218319
"5983","06.10.1997",5389.4,-0.00881176901999956
"5984","03.10.1997",5347,-0.00789840550391147
"5985","02.10.1997",5323.1,-0.00447981555378892
"5986","01.10.1997",5298.3,-0.00466982602450757
"5987","30.09.1997",5257.6,-0.00771136552748606
"5988","29.09.1997",5276.1,0.00351253956747916
"5989","26.09.1997",5236.1,-0.00761024201450229
"5990","25.09.1997",5197.2,-0.00745692738734477
"5991","24.09.1997",5226.3,0.00558355170564243
"5992","23.09.1997",5254.6,0.00540031271683387
"5993","22.09.1997",5278,0.00444335463221189
"5994","19.09.1997",5250.5,-0.00522392791722136
"5995","18.09.1997",5238.3,-0.00232629194985649
"5996","17.09.1997",5215.1,-0.00443875448974828
"5997","16.09.1997",5220.1,0.00095829507486905
"5998","15.09.1997",5102.9,-0.0227075532252439
"5999","12.09.1997",5110.3,0.00144910533328302
"6000","11.09.1997",5044.3,-0.0129992179673361
"6001","10.09.1997",5082,0.00744599195809404
"6002","09.09.1997",5146.1,0.0125342613417558
"6003","08.09.1997",5136.5,-0.00186723256554683
"6004","05.09.1997",5124.5,-0.00233895438470076
"6005","04.09.1997",5129.4,0.000955733988625228
"6006","03.09.1997",5114.6,-0.00288949830092635
"6007","02.09.1997",5106,-0.00168287615788736
"6008","29.08.1997",4974.7,-0.0260512515344827
"6009","28.08.1997",4994.6,0.00399226152904662
"6010","27.08.1997",5033.6,0.00777810506796566
"6011","26.08.1997",5026.3,-0.00145130692776819
"6012","25.08.1997",5054.6,0.0056145928127928
"6013","22.08.1997",5064.1,0.00187771211544172
"6014","21.08.1997",5072.9,0.0017362143061238
"6015","20.08.1997",5135.7,0.0123035072782935
"6016","19.08.1997",5070.5,-0.0127767213967913
"6017","18.08.1997",5007.2,-0.0125625554415594
"6018","15.08.1997",4960.1,-0.00945097480443195
"6019","14.08.1997",5071.8,0.0222698823568773
"6020","13.08.1997",5058.7,-0.00258625088629853
"6021","12.08.1997",5083.4,0.00487079575891008
"6022","11.08.1997",5130.5,0.00922279126671526
"6023","08.08.1997",5115.5,-0.00292797398326922
"6024","07.08.1997",5208.8,0.0180743566036578
"6025","06.08.1997",5255.1,0.00884953070305913
"6026","05.08.1997",5212.4,-0.00815863135496055
"6027","04.08.1997",5201.5,-0.00209335675980091
"6028","01.08.1997",5191.5,-0.0019243727674413
"6029","31.07.1997",5228.7,0.00714000845223693
"6030","30.07.1997",5218.9,-0.00187602949466813
"6031","29.07.1997",5164.5,-0.0104783592543893
"6032","28.07.1997",5138.1,-0.00512493114025524
"6033","25.07.1997",5147.3,0.00178894402815241
"6034","24.07.1997",5152.7,0.00104854378538829
"6035","23.07.1997",5133.6,-0.0037136816836679
"6036","22.07.1997",5116.5,-0.00333655590949555
"6037","21.07.1997",5017.2,-0.0195986023762905
"6038","18.07.1997",5032.8,0.00310448010530029
"6039","17.07.1997",5106.7,0.0145769137644928
"6040","16.07.1997",5130.8,0.00470818940538295
"6041","15.07.1997",5085.9,-0.00878958745367879
"6042","14.07.1997",5055.4,-0.00601502607334632
"6043","11.07.1997",5055.5,1.97806327832387e-05
"6044","10.07.1997",5036,-0.00386464336721595
"6045","09.07.1997",5001.7,-0.00683426153490236
"6046","08.07.1997",5059.4,0.0114700445462597
"6047","07.07.1997",5028.3,-0.00616594437427265
"6048","03.07.1997",5050.9,0.00448449041095573
"6049","02.07.1997",4987.7,-0.0125915635675264
"6050","01.07.1997",4927.5,-0.0121431216178766
"6051","30.06.1997",4889.7,-0.00770080813317851
"6052","27.06.1997",4898.8,0.00185932525343564
"6053","26.06.1997",4873.8,-0.00511635686216913
"6054","25.06.1997",4894.6,0.0042586363039381
"6055","24.06.1997",4929.2,0.00704414647506666
"6056","23.06.1997",4848,-0.0166104543148176
"6057","20.06.1997",4946.8,0.0201746541187517
"6058","19.06.1997",4946,-0.000161733786540537
"6059","18.06.1997",4900,-0.00934396398264354
"6060","17.06.1997",4917.7,0.00360573641015006
"6061","16.06.1997",4916.9,-0.00016269090797082
"6062","13.06.1997",4918.6,0.000345686547085541
"6063","12.06.1997",4870.7,-0.00978627323421959
"6064","11.06.1997",4795.2,-0.0156222463513645
"6065","10.06.1997",4776.8,-0.00384455132961607
"6066","09.06.1997",4760,-0.00352319800731702
"6067","06.06.1997",4738.4,-0.0045481422627103
"6068","05.06.1997",4669.8,-0.0145832817693578
"6069","04.06.1997",4654.3,-0.00332472072967489
"6070","03.06.1997",4677.4,0.00495087651424672
"6071","02.06.1997",4668.7,-0.00186173965887458
"6072","30.05.1997",4671.3,0.000556745196393977
"6073","29.05.1997",4640.4,-0.00663683611423709
"6074","28.05.1997",4648.9,0.00183006305583871
"6075","27.05.1997",4659.5,0.00227751376861993
"6076","23.05.1997",4655.4,-0.000880310097751698
"6077","22.05.1997",4596,-0.0128414761593122
"6078","21.05.1997",4612.4,0.00356196892831488
"6079","20.05.1997",4622.8,0.00225225320432527
"6080","19.05.1997",4590.5,-0.0070116315175316
"6081","16.05.1997",4572.5,-0.00392884931873396
"6082","15.05.1997",4627.6,0.0119782738897132
"6083","14.05.1997",4605.9,-0.0047002848217709
"6084","13.05.1997",4588.7,-0.00374133079484894
"6085","12.05.1997",4605.6,0.00367619482348589
"6086","09.05.1997",4538.6,-0.0146543599260778
"6087","08.05.1997",4513.9,-0.00545706960427098
"6088","07.05.1997",4493.3,-0.00457412645820531
"6089","06.05.1997",4554.9,0.0136161781832058
"6090","05.05.1997",4561.8,0.00151370590619449
"6091","02.05.1997",4472.4,-0.019792105189233
"6092","01.05.1997",4395.6,-0.0173211367004438
"6093","30.04.1997",4408.6,0.00295313814946848
"6094","29.04.1997",4373.5,-0.00799357486232802
"6095","28.04.1997",4268.5,-0.0243011264095485
"6096","25.04.1997",4233.5,-0.00823340336802921
"6097","24.04.1997",4267.8,0.00806939788519273
"6098","23.04.1997",4279.3,0.00269097283045993
"6099","22.04.1997",4291.2,0.00277696928937491
"6100","21.04.1997",4223.1,-0.0159969585853299
"6101","18.04.1997",4257.4,0.00808918979654812
"6102","17.04.1997",4236.4,-0.00494479332906342
"6103","16.04.1997",4248,0.00273443195226068
"6104","15.04.1997",4204.3,-0.0103404728620363
"6105","14.04.1997",4139.5,-0.015532803480878
"6106","11.04.1997",4118.1,-0.00518311565313691
"6107","10.04.1997",4222.7,0.025082841939445
"6108","09.04.1997",4232.6,0.00234172756118481
"6109","08.04.1997",4253.9,0.00501974777026941
"6110","07.04.1997",4236.7,-0.00405154489157022
"6111","04.04.1997",4208.6,-0.00665461350052945
"6112","03.04.1997",4170.3,-0.00914207515336647
"6113","02.04.1997",4180.5,0.0024428809389558
"6114","01.04.1997",4227.4,0.0111562902606238
"6115","31.03.1997",4214.2,-0.00312737176802921
"6116","27.03.1997",4308.1,0.0220371965518327
"6117","26.03.1997",4392,0.0192877325548267
"6118","25.03.1997",4392.4,9.10705341916006e-05
"6119","24.03.1997",4398.7,0.00143326798204655
"6120","21.03.1997",4364.8,-0.00773667349651642
"6121","20.03.1997",4354,-0.0024774064145956
"6122","19.03.1997",4373.2,0.00440004376583695
"6123","18.03.1997",4392.3,0.00435800130721655
"6124","17.03.1997",4423.7,0.00712344210039067
"6125","14.03.1997",4416.6,-0.00160628067522163
"6126","13.03.1997",4397.3,-0.00437945310184948
"6127","12.03.1997",4478.4,0.0182751235703232
"6128","11.03.1997",4515.6,0.00827222862620297
"6129","10.03.1997",4522.4,0.00150475797368893
"6130","07.03.1997",4481.5,-0.00908501456366459
"6131","06.03.1997",4443.5,-0.00851545761888652
"6132","05.03.1997",4448,0.00101220275188831
"6133","04.03.1997",4395.3,-0.0119187687550412
"6134","03.03.1997",4412.8,0.00397362042360561
"6135","28.02.1997",4393.5,-0.00438323266308486
"6136","27.02.1997",4418.7,0.00571935922770925
"6137","26.02.1997",4463.6,0.0101100801479392
"6138","25.02.1997",4499.4,0.00798843922385249
"6139","24.02.1997",4488.3,-0.0024700436471023
"6140","21.02.1997",4451.6,-0.00821042878902618
"6141","20.02.1997",4452.5,0.000202154064546495
"6142","19.02.1997",4499.9,0.0105894381254548
"6143","18.02.1997",4515.7,0.00350503930423758
"6144","14.02.1997",4477.8,-0.0084283592281125
"6145","13.02.1997",4487.7,0.00220846668312801
"6146","12.02.1997",4439.7,-0.010753514472613
"6147","11.02.1997",4378.5,-0.0138806066136327
"6148","10.02.1997",4360.1,-0.00421120710240353
"6149","07.02.1997",4375.4,0.00350295132393056
"6150","06.02.1997",4334.1,-0.00948396798036071
"6151","05.02.1997",4321.9,-0.00281885584066086
"6152","04.02.1997",4370.5,0.0111822986577581
"6153","03.02.1997",4361.5,-0.00206138414726939
"6154","31.01.1997",4356.2,-0.00121591719214575
"6155","30.01.1997",4347.9,-0.0019071477845472
"6156","29.01.1997",4293.9,-0.0124975590382996
"6157","28.01.1997",4259.7,-0.00799667560985894
"6158","27.01.1997",4258.9,-0.000187824290928577
"6159","24.01.1997",4287.8,0.00676286991433799
"6160","23.01.1997",4326.2,0.00891577765757012
"6161","22.01.1997",4364.8,0.00888281067968709
"6162","21.01.1997",4351.8,-0.00298281661166653
"6163","20.01.1997",4327.9,-0.00550711669848098
"6164","17.01.1997",4327.9,0
"6165","16.01.1997",4294.2,-0.00781716092633397
"6166","15.01.1997",4282.8,-0.00265827368849172
"6167","14.01.1997",4283.1,7.00451791692059e-05
"6168","13.01.1997",4237,-0.010821574836725
"6169","10.01.1997",4237.5,0.000118001062146569
"6170","09.01.1997",4214.5,-0.00544251225116885
"6171","08.01.1997",4179.3,-0.00838719205724793
"6172","07.01.1997",4196.7,0.00415473377020551
"6173","06.01.1997",4169,-0.00662230326969765
"6174","03.01.1997",4166.7,-0.000551843290513946
"6175","02.01.1997",4118.8,-0.0115624968076872
"6176","31.12.1996",4148.1,0.00708853928008621
"6177","30.12.1996",4202.2,0.0129577995922667
"6178","27.12.1996",4209.4,0.00171192205012275
"6179","26.12.1996",4198.5,-0.00259280108145355
"6180","24.12.1996",4176.6,-0.00522980022094206
"6181","23.12.1996",4158.5,-0.00434308609393373
"6182","20.12.1996",4167.2,0.0020899151222396
"6183","19.12.1996",4146.6,-0.00495562610557803
"6184","18.12.1996",4072.7,-0.0179825511716904
"6185","17.12.1996",4047.3,-0.00625617804083218
"6186","16.12.1996",4027,-0.00502831026142696
"6187","13.12.1996",4061.1,0.00843219100839613
"6188","12.12.1996",4063.4,0.000566188703660021
"6189","11.12.1996",4118.9,0.0135660758405466
"6190","10.12.1996",4165,0.0111301381968864
"6191","09.12.1996",4173.4,0.00201477569834113
"6192","06.12.1996",4125.3,-0.0115923069022755
"6193","05.12.1996",4152.8,0.00664406111601059
"6194","04.12.1996",4157.9,0.00122733359168223
"6195","03.12.1996",4175,0.00410421918025409
"6196","02.12.1996",4209.8,0.00830078232478609
"6197","29.11.1996",4212.9,0.00073610603250205
"6198","27.11.1996",4202.9,-0.00237648344932017
"6199","26.11.1996",4208.1,0.00123647620081148
"6200","25.11.1996",4217.4,0.00220758501617908
"6201","22.11.1996",4173,-0.010583622818362
"6202","21.11.1996",4147.5,-0.00612945852695302
"6203","20.11.1996",4153.4,0.00142153284427906
"6204","19.11.1996",4142.8,-0.00255538819415469
"6205","18.11.1996",4122.7,-0.00486359920668684
"6206","15.11.1996",4124,0.000315277628813489
"6207","14.11.1996",4113.3,-0.0025979401061315
"6208","13.11.1996",4091.1,-0.00541174349882108
"6209","12.11.1996",4083.4,-0.00188390782979859
"6210","11.11.1996",4090.2,0.00166389389469538
"6211","08.11.1996",4084.8,-0.00132110110957509
"6212","07.11.1996",4069.9,-0.00365433837699676
"6213","06.11.1996",4055.6,-0.00351978703179796
"6214","05.11.1996",4001.4,-0.0134543422121091
"6215","04.11.1996",3965.9,-0.00891148442619545
"6216","01.11.1996",3951.2,-0.00371348521370518
"6217","31.10.1996",3959.9,0.00219944217800824
"6218","30.10.1996",3941,-0.00478427420941964
"6219","29.10.1996",3945.4,0.00111584511476479
"6220","28.10.1996",3922.6,-0.00579564408235798
"6221","25.10.1996",3946.8,0.00615042475560105
"6222","24.10.1996",3952.3,0.00139256393483208
"6223","23.10.1996",3974.8,0.00567674443936477
"6224","22.10.1996",3978.1,0.000829886001180787
"6225","21.10.1996",3996,0.00448954241005499
"6226","18.10.1996",4000.3,0.00107549752122426
"6227","17.10.1996",3980.1,-0.00506241369868752
"6228","16.10.1996",3960.2,-0.00501241556728662
"6229","15.10.1996",3950.4,-0.00247768943277902
"6230","14.10.1996",3957,0.00166932279450931
"6231","11.10.1996",3942.8,-0.00359503159414034
"6232","10.10.1996",3916,-0.00682040614088295
"6233","09.10.1996",3926.6,0.00270318681424769
"6234","08.10.1996",3949.4,0.0057897571585606
"6235","07.10.1996",3962.4,0.00328623365081882
"6236","04.10.1996",3956.3,-0.00154065723075562
"6237","03.10.1996",3913.8,-0.010800476013167
"6238","02.10.1996",3918,0.00107255047438079
"6239","01.10.1996",3893,-0.00640125089403035
"6240","30.09.1996",3884.1,-0.00228877187774451
"6241","27.09.1996",3872.8,-0.00291353710722662
"6242","26.09.1996",3869.9,-0.000749092728791992
"6243","25.09.1996",3862.6,-0.00188813505819364
"6244","24.09.1996",3861.8,-0.000207135830060662
"6245","23.09.1996",3864.8,0.000776538231758596
"6246","20.09.1996",3867.6,0.00072422536919555
"6247","19.09.1996",3848.2,-0.00502865312247654
"6248","18.09.1996",3842.9,-0.00137821659812955
"6249","17.09.1996",3853.4,0.00272858555787351
"6250","16.09.1996",3863.9,0.00272116063367361
"6251","13.09.1996",3845.7,-0.00472139509413497
"6252","12.09.1996",3803.7,-0.0109813637841866
"6253","11.09.1996",3785.4,-0.00482271559719312
"6254","10.09.1996",3769.4,-0.00423572402229134
"6255","09.09.1996",3767.2,-0.000583817653182637
"6256","06.09.1996",3729,-0.010191918750524
"6257","05.09.1996",3697,-0.00861842124218894
"6258","04.09.1996",3725.9,0.00778675343210922
"6259","03.09.1996",3719.4,-0.0017460684328123
"6260","30.08.1996",3711.3,-0.0021801453990331
"6261","29.08.1996",3736.3,0.00671359737384955
"6262","28.08.1996",3772.6,0.00966860200087898
"6263","27.08.1996",3776.4,0.00100675594673723
"6264","26.08.1996",3763.1,-0.003528089076432
"6265","23.08.1996",3777.3,0.00376638289383511
"6266","22.08.1996",3793,0.00414779401313433
"6267","21.08.1996",3765.4,-0.00730316539828748
"6268","20.08.1996",3770.7,0.00140656330829008
"6269","19.08.1996",3771,7.95576594555748e-05
"6270","16.08.1996",3763.8,-0.00191113292760448
"6271","15.08.1996",3745.4,-0.0049006650043446
"6272","14.08.1996",3739.3,-0.00162999221093106
"6273","13.08.1996",3728.5,-0.00289242013162747
"6274","12.08.1996",3755.1,0.00710890801823804
"6275","09.08.1996",3737.2,-0.00477824808328702
"6276","08.08.1996",3742.1,0.00131028323534137
"6277","07.08.1996",3747.6,0.00146868392289129
"6278","06.08.1996",3739.4,-0.00219046434585935
"6279","05.08.1996",3730.5,-0.0023828978196048
"6280","02.08.1996",3741.7,0.00299778067706303
"6281","01.08.1996",3677.3,-0.0173612663642085
"6282","31.07.1996",3623.6,-0.0147107804292908
"6283","30.07.1996",3598.9,-0.00683976359809709
"6284","29.07.1996",3580.7,-0.00506993118967365
"6285","26.07.1996",3604.3,0.0065692651000471
"6286","25.07.1996",3577.8,-0.00737949075029377
"6287","24.07.1996",3553.5,-0.00681505309016547
"6288","23.07.1996",3564.8,0.00317491802596035
"6289","22.07.1996",3597.4,0.00910341100096018
"6290","19.07.1996",3625.8,0.00786359130169738
"6291","18.07.1996",3649,0.00637820384087977
"6292","17.07.1996",3596.1,-0.0146032325552838
"6293","16.07.1996",3561.2,-0.00975235818164773
"6294","15.07.1996",3581,0.00554452429891667
"6295","12.07.1996",3667.4,0.0238408731166314
"6296","11.07.1996",3665.3,-0.000572776755468672
"6297","10.07.1996",3719.3,0.0146252911580059
"6298","09.07.1996",3717.4,-0.00051097934334874
"6299","08.07.1996",3704.3,-0.00353019216746226
"6300","05.07.1996",3735.1,0.00828028496343002
"6301","03.07.1996",3810.5,0.0199858221359516
"6302","02.07.1996",3817.2,0.00175675543692645
"6303","01.07.1996",3824.5,0.00191057021882198
"6304","28.06.1996",3798.1,-0.00692679808912593
"6305","27.06.1996",3780.9,-0.00453886516123904
"6306","26.06.1996",3762.9,-0.00477213981281704
"6307","25.06.1996",3785.7,0.00604087362823589
"6308","24.06.1996",3785.5,-5.2831783613263e-05
"6309","21.06.1996",3775,-0.00277759586023623
"6310","20.06.1996",3753.3,-0.00576492969166105
"6311","19.06.1996",3757.1,0.00101193020991363
"6312","18.06.1996",3759.8,0.000718381278483609
"6313","17.06.1996",3774,0.00376968244863445
"6314","14.06.1996",3776.9,0.000768120394280412
"6315","13.06.1996",3786.2,0.00245931025303379
"6316","12.06.1996",3792.6,0.00168892213049843
"6317","11.06.1996",3801.8,0.0024228390657452
"6318","10.06.1996",3808.3,0.00170825654870742
"6319","07.06.1996",3813,0.00123338553680314
"6320","06.06.1996",3818.2,0.00136282650299502
"6321","05.06.1996",3842.3,0.00629203825059794
"6322","04.06.1996",3815,-0.00713048089259948
"6323","03.06.1996",3788.3,-0.00702329508286114
"6324","31.05.1996",3794.2,0.00155621528274856
"6325","30.05.1996",3809.1,0.00391935582541033
"6326","29.05.1996",3790.1,-0.0050005367911929
"6327","28.05.1996",3812,0.00576158182143014
"6328","24.05.1996",3846.1,0.00890566207665273
"6329","23.05.1996",3832.2,-0.00362059705514701
"6330","22.05.1996",3845.6,0.0034905867841525
"6331","21.05.1996",3817.6,-0.00730768467615391
"6332","20.05.1996",3818.1,0.000130963762514081
"6333","17.05.1996",3793.6,-0.00643748035497014
"6334","16.05.1996",3768.6,-0.00661185662275092
"6335","15.05.1996",3771,0.000636638569967029
"6336","14.05.1996",3769.8,-0.000318268621400695
"6337","13.05.1996",3746.6,-0.00617318760999799
"6338","10.05.1996",3701,-0.0122457086408024
"6339","09.05.1996",3665,-0.00977471806540407
"6340","08.05.1996",3658.3,-0.00182977670431247
"6341","07.05.1996",3630.3,-0.00768326914432274
"6342","06.05.1996",3645.2,0.00409594414985517
"6343","03.05.1996",3652.2,0.001918492105962
"6344","02.05.1996",3660.7,0.00232466021082341
"6345","01.05.1996",3717,0.0152625053584952
"6346","30.04.1996",3713.9,-0.000834353895177687
"6347","29.04.1996",3713.9,0
"6348","26.04.1996",3709.5,-0.00118544077249389
"6349","25.04.1996",3703.9,-0.00151077806813161
"6350","24.04.1996",3689.8,-0.003814062537784
"6351","23.04.1996",3696.6,0.00184122222491505
"6352","22.04.1996",3677.8,-0.0050987309418272
"6353","19.04.1996",3662.7,-0.00411416696383339
"6354","18.04.1996",3652.1,-0.00289823574664953
"6355","17.04.1996",3643.3,-0.00241248026648137
"6356","16.04.1996",3661.5,0.00498303517133601
"6357","15.04.1996",3650.1,-0.00311833503961138
"6358","12.04.1996",3620.6,-0.00811480651966965
"6359","11.04.1996",3588.5,-0.00890547007171682
"6360","10.04.1996",3604.9,0.0045597432131425
"6361","09.04.1996",3649.3,0.012241337279057
"6362","08.04.1996",3654.8,0.00150600376213943
"6363","04.04.1996",3721.1,0.0179779513571472
"6364","03.04.1996",3719.9,-0.000322537296170606
"6365","02.04.1996",3717.7,-0.000591588701775502
"6366","01.04.1996",3710.8,-0.00185771070455029
"6367","29.03.1996",3668.2,-0.0115464082621843
"6368","28.03.1996",3682.6,0.00391794591618756
"6369","27.03.1996",3680.6,-0.000543242082025511
"6370","26.03.1996",3701.1,0.00555429039443444
"6371","25.03.1996",3687.8,-0.00359999847446424
"6372","22.03.1996",3687.8,0
"6373","21.03.1996",3680.3,-0.00203580369167365
"6374","20.03.1996",3681.8,0.000407492433071062
"6375","19.03.1996",3685.5,0.00100443861688177
"6376","18.03.1996",3687.9,0.000650988712061606
"6377","15.03.1996",3630.9,-0.0155766389287372
"6378","14.03.1996",3631,2.75410016678879e-05
"6379","13.03.1996",3614.7,-0.00449922781699541
"6380","12.03.1996",3609.8,-0.00135649546719238
"6381","11.03.1996",3624.1,0.00395361247100407
"6382","08.03.1996",3592.3,-0.00881331573561579
"6383","07.03.1996",3702.3,0.0301615822617114
"6384","06.03.1996",3695.3,-0.00189250624236373
"6385","05.03.1996",3708.7,0.00361966899799228
"6386","04.03.1996",3688.9,-0.005353100270859
"6387","01.03.1996",3649.8,-0.0106559390573024
"6388","29.02.1996",3624.7,-0.00690084531131288
"6389","28.02.1996",3643.9,0.00528301038887741
"6390","27.02.1996",3654.2,0.00282265434528569
"6391","26.02.1996",3668.6,0.00393292690268544
"6392","23.02.1996",3710.8,0.0114373688988662
"6393","22.02.1996",3709.8,-0.000269519986538451
"6394","21.02.1996",3654.9,-0.0149092337641066
"6395","20.02.1996",3619.1,-0.00984335690395867
"6396","16.02.1996",3660.5,0.0113743739621845
"6397","15.02.1996",3677.1,0.00452464792853175
"6398","14.02.1996",3693.9,0.00455841245170641
"6399","13.02.1996",3714.4,0.00553434723877637
"6400","12.02.1996",3718.8,0.00118387787599092
"6401","09.02.1996",3694.9,-0.00644754516508528
"6402","08.02.1996",3691.8,-0.00083934644211793
"6403","07.02.1996",3661.9,-0.00813200559514989
"6404","06.02.1996",3644.6,-0.0047355183273951
"6405","05.02.1996",3619,-0.00704887548821227
"6406","02.02.1996",3596,-0.00637562797223153
"6407","01.02.1996",3608.1,0.00335920139316982
"6408","31.01.1996",3595.4,-0.00352606737236492
"6409","30.01.1996",3566.3,-0.00812660685341202
"6410","29.01.1996",3533.7,-0.00918316312605518
"6411","26.01.1996",3519.4,-0.00405496011518732
"6412","25.01.1996",3495.1,-0.00692853295578425
"6413","24.01.1996",3507.5,0.00354154541473922
"6414","23.01.1996",3473.8,-0.00965443735670368
"6415","22.01.1996",3475.6,0.000518030345138533
"6416","19.01.1996",3466.7,-0.00256399316530877
"6417","18.01.1996",3448.6,-0.00523478123371091
"6418","17.01.1996",3439.5,-0.0026422395999624
"6419","16.01.1996",3445.2,0.00165584594894967
"6420","15.01.1996",3407.8,-0.0109150361338797
"6421","12.01.1996",3414.8,0.00205200435501253
"6422","11.01.1996",3418.3,0.00102442531386589
"6423","10.01.1996",3398.5,-0.00580919366332441
"6424","09.01.1996",3462.7,0.0187144737736084
"6425","08.01.1996",3502.6,0.0114569182782627
"6426","05.01.1996",3491.2,-0.00326003319981241
"6427","04.01.1996",3496.9,0.00163134507637604
"6428","03.01.1996",3517.1,0.00575992467849106
"6429","02.01.1996",3507.4,-0.00276176415842638
"6430","29.12.1995",3484.1,-0.00666526103406889
"6431","28.12.1995",3471.9,-0.00350776667898163
"6432","27.12.1995",3469.6,-0.000662681000985284
"6433","26.12.1995",3464.4,-0.00149985606426668
"6434","22.12.1995",3450.7,-0.00396234846188675
"6435","21.12.1995",3442.9,-0.0022629695162672
"6436","20.12.1995",3421.8,-0.00614741108818763
"6437","19.12.1995",3444,0.00646685815707314
"6438","18.12.1995",3422.3,-0.00632074690770817
"6439","15.12.1995",3475.2,0.0153391916596484
"6440","14.12.1995",3479.8,0.00132278955305425
"6441","13.12.1995",3501.7,0.00627374398960205
"6442","12.12.1995",3487.2,-0.00414944291803518
"6443","11.12.1995",3491.1,0.00111775085795798
"6444","08.12.1995",3479,-0.00347197663019877
"6445","07.12.1995",3476.3,-0.000776386391852102
"6446","06.12.1995",3498.1,0.00625145417427189
"6447","05.12.1995",3487.1,-0.00314951872325613
"6448","04.12.1995",3463.9,-0.0066753233057562
"6449","01.12.1995",3430.4,-0.00971824946892134
"6450","30.11.1995",3421.6,-0.00256859452372939
"6451","29.11.1995",3425.8,0.00122674315118589
"6452","28.11.1995",3415.2,-0.00309896462013234
"6453","27.11.1995",3396.6,-0.00546112517308311
"6454","24.11.1995",3387.8,-0.00259418811838761
"6455","22.11.1995",3380.5,-0.00215711562154892
"6456","21.11.1995",3386,0.00162565616234797
"6457","20.11.1995",3372.2,-0.00408393334920045
"6458","17.11.1995",3384.9,0.00375901346862999
"6459","16.11.1995",3367.5,-0.00515373452799111
"6460","15.11.1995",3346.3,-0.00631537146222385
"6461","14.11.1995",3325,-0.0063855837323407
"6462","13.11.1995",3337.4,0.00372238662284792
"6463","10.11.1995",3339,0.00047930023085207
"6464","09.11.1995",3341,0.000598802413102023
"6465","08.11.1995",3336.5,-0.00134781001309529
"6466","07.11.1995",3309.5,-0.00812523278468377
"6467","06.11.1995",3316.1,0.00199227305694071
"6468","03.11.1995",3323,0.00207859573867593
"6469","02.11.1995",3316.9,-0.0018373775858404
"6470","01.11.1995",3288.6,-0.00856866948862814
"6471","31.10.1995",3273.7,-0.00454109857980135
"6472","30.10.1995",3279.3,0.00170914126757509
"6473","27.10.1995",3263.4,-0.00486038831092946
"6474","26.10.1995",3252.1,-0.00346865515454682
"6475","25.10.1995",3285.4,0.0101874686046762
"6476","24.10.1995",3308.5,0.00700650434501465
"6477","23.10.1995",3302.4,-0.00184543760492522
"6478","20.10.1995",3318.4,0.00483326218801929
"6479","19.10.1995",3334.9,0.00495995485746034
"6480","18.10.1995",3323.2,-0.00351451977082071
"6481","17.10.1995",3321.2,-0.000602010733972285
"6482","16.10.1995",3309.5,-0.00352904282889804
"6483","13.10.1995",3316.4,0.00208273668308622
"6484","12.10.1995",3302.9,-0.00407898681670113
"6485","11.10.1995",3283.3,-0.00595185626313632
"6486","10.10.1995",3271.6,-0.00356985230140714
"6487","09.10.1995",3281.6,0.00305194645729706
"6488","06.10.1995",3303,0.00650003807267344
"6489","05.10.1995",3299.1,-0.00118144240579126
"6490","04.10.1995",3296.3,-0.000849076680176212
"6491","03.10.1995",3300,0.00112184114974927
"6492","02.10.1995",3299.9,-3.03034894491456e-05
"6493","29.09.1995",3312.3,0.00375064714807857
"6494","28.09.1995",3312.6,9.05674048528362e-05
"6495","27.09.1995",3291.8,-0.00629885190808616
"6496","26.09.1995",3297.1,0.00160876660537885
"6497","25.09.1995",3296.5,-0.000181994661992275
"6498","22.09.1995",3297.7,0.000363956207954429
"6499","21.09.1995",3306.5,0.00266497235340848
"6500","20.09.1995",3323.6,0.00515830467610927
"6501","19.09.1995",3310.7,-0.00388888541599958
"6502","18.09.1995",3304.9,-0.00175343173287956
"6503","15.09.1995",3309.6,0.00142112050525464
"6504","14.09.1995",3306.9,-0.000816141509822176
"6505","13.09.1995",3281.9,-0.00758867167762118
"6506","12.09.1995",3270.9,-0.00335734657931247
"6507","11.09.1995",3255.6,-0.0046885859275594
"6508","08.09.1995",3250.3,-0.00162929069688834
"6509","07.09.1995",3238.2,-0.00372967990334603
"6510","06.09.1995",3239.7,0.000463113054171632
"6511","05.09.1995",3230,-0.00299859569012141
"6512","01.09.1995",3206.3,-0.00736451287730578
"6513","31.08.1995",3193.3,-0.0040627595104416
"6514","30.08.1995",3186.9,-0.00200620737487738
"6515","29.08.1995",3182.3,-0.00144445167361744
"6516","28.08.1995",3179.4,-0.000911706053688546
"6517","25.08.1995",3181.1,0.000534549183391285
"6518","24.08.1995",3165.3,-0.00497921109400645
"6519","23.08.1995",3161.6,-0.00116960926260751
"6520","22.08.1995",3173.8,0.00385137957519327
"6521","21.08.1995",3171.2,-0.000819542993073173
"6522","18.08.1995",3169.9,-0.000410023503244795
"6523","17.08.1995",3168.2,-0.00053643837767383
"6524","16.08.1995",3170.4,0.000694159621474929
"6525","15.08.1995",3164,-0.00202071298868078
"6526","14.08.1995",3169.5,0.0017367968366767
"6527","11.08.1995",3148.5,-0.00664769779542367
"6528","10.08.1995",3164.2,0.00497411008616601
"6529","09.08.1995",3172.8,0.00271421975056816
"6530","08.08.1995",3178.4,0.00176344673485767
"6531","07.08.1995",3177.8,-0.000188792046122481
"6532","04.08.1995",3171.2,-0.0020790683185979
"6533","03.08.1995",3171.4,6.30656197982913e-05
"6534","02.08.1995",3173.8,0.000756477373274714
"6535","01.08.1995",3175.1,0.000409519765051641
"6536","31.07.1995",3186.1,0.00345847040315159
"6537","28.07.1995",3186.7,0.000188300276730084
"6538","27.07.1995",3194.6,0.00247598578218093
"6539","26.07.1995",3175,-0.00615425202906424
"6540","25.07.1995",3171.3,-0.00116603388406495
"6541","24.07.1995",3150.9,-0.00645347214588775
"6542","21.07.1995",3136.9,-0.00445307520431658
"6543","20.07.1995",3133.6,-0.00105254774090131
"6544","19.07.1995",3118.3,-0.00489452183954511
"6545","18.07.1995",3155,0.0117005144632371
"6546","17.07.1995",3172.2,0.005436857494146
"6547","14.07.1995",3160.5,-0.00369511055710605
"6548","13.07.1995",3169.9,0.00296979872007068
"6549","12.07.1995",3171.4,0.000473089123043069
"6550","11.07.1995",3142.4,-0.00918629159532036
"6551","10.07.1995",3151.3,0.00282822693566359
"6552","07.07.1995",3147.9,-0.00107950226383524
"6553","06.07.1995",3134.4,-0.00429779564169866
"6554","05.07.1995",3100.3,-0.0109388872058104
"6555","03.07.1995",3098,-0.000742139007651978
"6556","30.06.1995",3085.8,-0.00394579896788834
"6557","29.06.1995",3079.7,-0.00197875338264915
"6558","28.06.1995",3084.1,0.0014276909527814
"6559","27.06.1995",3074.3,-0.00318264752929828
"6560","26.06.1995",3082,0.00250150383030142
"6561","23.06.1995",3110.5,0.00920474807501337
"6562","22.06.1995",3118.5,0.00256863201110274
"6563","21.06.1995",3083.4,-0.0113192327399383
"6564","20.06.1995",3085,0.000518773113249143
"6565","19.06.1995",3089.4,0.00142523994066249
"6566","16.06.1995",3066,-0.00760311684839132
"6567","15.06.1995",3053.3,-0.00415080752185197
"6568","14.06.1995",3048.9,-0.00144210309807698
"6569","13.06.1995",3047.1,-0.000590551198265387
"6570","12.06.1995",3019.4,-0.0091321824799294
"6571","09.06.1995",3003.5,-0.00527986084341958
"6572","08.06.1995",3028.9,0.00842124199593642
"6573","07.06.1995",3034.2,0.00174828102783984
"6574","06.06.1995",3047.7,0.0044394094516167
"6575","05.06.1995",3045.8,-0.000623615348018327
"6576","02.06.1995",3029.7,-0.00529998771696967
"6577","01.06.1995",3031.8,0.000692897825297044
"6578","31.05.1995",3028.7,-0.00102301799203474
"6579","30.05.1995",2980.4,-0.0160759648543108
"6580","26.05.1995",2977.4,-0.0010070832366156
"6581","25.05.1995",3002.2,0.00829491678311869
"6582","24.05.1995",3002.7,0.000166530667007163
"6583","23.05.1995",3000.8,-0.000632964125405174
"6584","22.05.1995",2976.7,-0.00806361541965548
"6585","19.05.1995",2955.3,-0.00721513581827898
"6586","18.05.1995",2958.5,0.00108221458700565
"6587","17.05.1995",2997.9,0.0132296604191047
"6588","16.05.1995",3005.8,0.00263171196414065
"6589","15.05.1995",3003.1,-0.0008986670377975
"6590","12.05.1995",2991.3,-0.00393701295933953
"6591","11.05.1995",2986.7,-0.00153897654998523
"6592","10.05.1995",2986.1,-0.00020091079628259
"6593","09.05.1995",2979,-0.00238051444330695
"6594","08.05.1995",2978.4,-0.000201430154775122
"6595","05.05.1995",2959.6,-0.00633211950711137
"6596","04.05.1995",2959.7,3.37877789635317e-05
"6597","03.05.1995",2960,0.000101356487746577
"6598","02.05.1995",2933.5,-0.00899301895219143
"6599","01.05.1995",2930.4,-0.00105731690130991
"6600","28.04.1995",2932.2,0.000614062039559486
"6601","27.04.1995",2927.6,-0.00157001977709207
"6602","26.04.1995",2923.5,-0.00140144611134682
"6603","25.04.1995",2922.5,-0.000342114269501692
"6604","24.04.1995",2927.2,0.00160692035877341
"6605","21.04.1995",2905.2,-0.0075440999729839
"6606","20.04.1995",2887.6,-0.00607652746700708
"6607","19.04.1995",2883.7,-0.0013515154622505
"6608","18.04.1995",2886.9,0.0011090702277095
"6609","17.04.1995",2892.3,0.00186877130797969
"6610","13.04.1995",2907.8,0.00534474815888094
"6611","12.04.1995",2897.6,-0.0035139733681764
"6612","11.04.1995",2889.7,-0.00273011763928428
"6613","10.04.1995",2897,0.00252302827948581
"6614","07.04.1995",2894.4,-0.000897883128319635
"6615","06.04.1995",2894.9,0.00017273245513037
"6616","05.04.1995",2891.7,-0.001106003638129
"6617","04.04.1995",2889.7,-0.000691873968167463
"6618","03.04.1995",2870.7,-0.00659678803653782
"6619","31.03.1995",2865.9,-0.0016734655092544
"6620","30.03.1995",2874.3,0.002926729380865
"6621","29.03.1995",2874.4,3.47904743717038e-05
"6622","28.03.1995",2875.2,0.000278280229985591
"6623","27.03.1995",2873.1,-0.000730650833611194
"6624","24.03.1995",2860.2,-0.00450003375684835
"6625","23.03.1995",2832.9,-0.00959063050170164
"6626","22.03.1995",2831.6,-0.0004589990370991
"6627","21.03.1995",2829.3,-0.000812591682085237
"6628","20.03.1995",2834.3,0.00176566187547997
"6629","17.03.1995",2832.1,-0.00077650716876445
"6630","16.03.1995",2832.9,0.000282436012468899
"6631","15.03.1995",2814.2,-0.00662289258297797
"6632","14.03.1995",2818.2,0.0014203539068491
"6633","13.03.1995",2803.8,-0.00512274332656878
"6634","10.03.1995",2800.2,-0.00128479675061075
"6635","09.03.1995",2766.2,-0.0122163059932174
"6636","08.03.1995",2766.1,-3.61513294690246e-05
"6637","07.03.1995",2762.4,-0.00133851878535586
"6638","06.03.1995",2782.1,0.00710617112463472
"6639","03.03.1995",2784,0.000682704253893084
"6640","02.03.1995",2784.7,0.000251405176679182
"6641","01.03.1995",2788.9,0.001507105208475
"6642","28.02.1995",2798.3,0.0033648370808273
"6643","27.02.1995",2777.5,-0.0074608474065068
"6644","24.02.1995",2800.6,0.00828243740789164
"6645","23.02.1995",2794,-0.00235941910476953
"6646","22.02.1995",2781.3,-0.00455581653586069
"6647","21.02.1995",2770.1,-0.00403502366825822
"6648","17.02.1995",2768.5,-0.000577763349766344
"6649","16.02.1995",2783.8,0.0055112435302784
"6650","15.02.1995",2782.9,-0.000323351359994845
"6651","14.02.1995",2771.7,-0.00403269908849625
"6652","13.02.1995",2768.7,-0.00108295440516837
"6653","10.02.1995",2768.2,-0.000180606477039185
"6654","09.02.1995",2762,-0.00224223449336407
"6655","08.02.1995",2766.8,0.0017363627571922
"6656","07.02.1995",2766.5,-0.00010843438826525
"6657","06.02.1995",2767.7,0.00043366702280597
"6658","03.02.1995",2753.8,-0.00503487435069836
"6659","02.02.1995",2719.4,-0.0125705082886864
"6660","01.02.1995",2706.9,-0.00460719905302093
"6661","31.01.1995",2706.1,-0.000295584705643772
"6662","30.01.1995",2695.2,-0.00403607087057792
"6663","27.01.1995",2705.7,0.00388824574742911
"6664","26.01.1995",2695.5,-0.00377694294804873
"6665","25.01.1995",2690.1,-0.00200534826561188
"6666","24.01.1995",2682.6,-0.00279189415812161
"6667","23.01.1995",2680.1,-0.000932366226380546
"6668","20.01.1995",2679.2,-0.000335864761614546
"6669","19.01.1995",2689.8,0.00394859890945404
"6670","18.01.1995",2706.6,0.00622639325295624
"6671","17.01.1995",2709.5,0.00107088136376361
"6672","16.01.1995",2704.9,-0.0016991729856514
"6673","13.01.1995",2685.2,-0.00730972995592112
"6674","12.01.1995",2661.6,-0.00882776736032943
"6675","11.01.1995",2661.6,0
"6676","10.01.1995",2661.3,-0.000112720509615901
"6677","09.01.1995",2660.1,-0.000451009140580026
"6678","06.01.1995",2660.2,3.75918651247517e-05
"6679","05.01.1995",2658.1,-0.000789726081319903
"6680","04.01.1995",2658.9,0.000300921574586021
"6681","03.01.1995",2651.1,-0.00293785522039358
"6682","30.12.1994",2653.4,0.000867188290748133
"6683","29.12.1994",2658.7,0.00199544502499133
"6684","28.12.1994",2657.1,-0.000601979024160844
"6685","27.12.1994",2664.5,0.00278112025318997
"6686","23.12.1994",2653.5,-0.00413689946888725
"6687","22.12.1994",2650.9,-0.000980318304887128
"6688","21.12.1994",2653.4,0.000942631519753908
"6689","20.12.1994",2641.3,-0.00457061630106098
"6690","19.12.1994",2643.9,0.000983879591969061
"6691","16.12.1994",2649.1,0.00196485988020347
"6692","15.12.1994",2632.4,-0.00632398207196388
"6693","14.12.1994",2625.8,-0.00251036608195409
"6694","13.12.1994",2598.2,-0.0105667139383776
"6695","12.12.1994",2593.3,-0.00188770161034834
"6696","09.12.1994",2581.8,-0.00444436587867511
"6697","08.12.1994",2577.9,-0.00151171608532197
"6698","07.12.1994",2610.1,0.0124134207717278
"6699","06.12.1994",2620.7,0.00405292288360923
"6700","05.12.1994",2623.1,0.000915366782706968
"6701","02.12.1994",2622.4,-0.000266895435765924
"6702","01.12.1994",2601.6,-0.00796328863607386
"6703","30.11.1994",2626.6,0.00956359379756813
"6704","29.11.1994",2631.8,0.00197778856498076
"6705","28.11.1994",2627.1,-0.00178744651975189
"6706","25.11.1994",2618.1,-0.00343171235891316
"6707","23.11.1994",2603,-0.00578423784280991
"6708","22.11.1994",2604.5,0.000576092190680787
"6709","21.11.1994",2649.6,0.0171679670056943
"6710","18.11.1994",2667.8,0.00684547751600325
"6711","17.11.1994",2680.3,0.00467456583161846
"6712","16.11.1994",2693.2,0.00480134913256354
"6713","15.11.1994",2691.2,-0.000742886892496919
"6714","14.11.1994",2694.6,0.00126257954311857
"6715","11.11.1994",2677.8,-0.00625420845846805
"6716","10.11.1994",2689.4,0.00432255852649036
"6717","09.11.1994",2696.4,0.00259942958951429
"6718","08.11.1994",2699.3,0.00107493014038579
"6719","07.11.1994",2688.8,-0.0038974827087737
"6720","04.11.1994",2687.9,-0.000334777840833858
"6721","03.11.1994",2713.9,0.00962649516213473
"6722","02.11.1994",2706.7,-0.00265653404947933
"6723","01.11.1994",2714.7,0.00295126934247965
"6724","31.10.1994",2735.3,0.00755966902935648
"6725","28.10.1994",2743.1,0.00284754865309057
"6726","27.10.1994",2702.3,-0.014985405483243
"6727","26.10.1994",2684.8,-0.00649702495151416
"6728","25.10.1994",2680.6,-0.0015655872284909
"6729","24.10.1994",2680.4,-7.46129453806017e-05
"6730","21.10.1994",2702.5,0.00821123341434767
"6731","20.10.1994",2712.6,0.00373031401525119
"6732","19.10.1994",2731.4,0.0069067137157097
"6733","18.10.1994",2720.1,-0.00414565392420407
"6734","17.10.1994",2727.6,0.00275345732637774
"6735","14.10.1994",2727.9,0.000109980753479126
"6736","13.10.1994",2722,-0.00216517818856547
"6737","12.10.1994",2710.6,-0.00419689162949584
"6738","11.10.1994",2710.9,0.000110670478762798
"6739","10.10.1994",2676.6,-0.0127333506984044
"6740","07.10.1994",2657.5,-0.00716150114617106
"6741","06.10.1994",2642.7,-0.0055847094322434
"6742","05.10.1994",2647.2,0.0017013558235427
"6743","04.10.1994",2658.9,0.00441002580505963
"6744","03.10.1994",2695.7,0.0137454074637145
"6745","30.09.1994",2701.8,0.0022603066594045
"6746","29.09.1994",2697.9,-0.00144452494700154
"6747","28.09.1994",2710.8,0.00477010167337845
"6748","27.09.1994",2694.9,-0.00588269635868729
"6749","26.09.1994",2689.9,-0.00185707971957256
"6750","23.09.1994",2683.7,-0.00230757881167513
"6751","22.09.1994",2691.2,0.0027907514066059
"6752","21.09.1994",2693.2,0.00074288689249687
"6753","20.09.1994",2705.9,0.00470449646175416
"6754","19.09.1994",2745.3,0.0144557844565624
"6755","16.09.1994",2746.7,0.000509832494655774
"6756","15.09.1994",2764.2,0.00635107108582815
"6757","14.09.1994",2733.1,-0.0113147660832218
"6758","13.09.1994",2726.3,-0.00249111752813272
"6759","12.09.1994",2720.8,-0.00201942386558593
"6760","09.09.1994",2732,0.00410798699769482
"6761","08.09.1994",2757.8,0.00939931871696025
"6762","07.09.1994",2746.8,-0.00399666266111944
"6763","06.09.1994",2750.3,0.00127339887320617
"6764","02.09.1994",2748.4,-0.000691072462806508
"6765","01.09.1994",2759.5,0.00403057972263503
"6766","31.08.1994",2770.2,0.00387001586144227
"6767","30.08.1994",2771.4,0.000433087923616655
"6768","29.08.1994",2762.7,-0.00314414526918375
"6769","26.08.1994",2757.8,-0.00177520198779013
"6770","25.08.1994",2729.9,-0.0101682819361617
"6771","24.08.1994",2734.5,0.00168362531534819
"6772","23.08.1994",2711.5,-0.00844661650571202
"6773","22.08.1994",2699.2,-0.00454655448941159
"6774","19.08.1994",2704.9,0.00210951022881356
"6775","18.08.1994",2701.5,-0.00125776873639699
"6776","17.08.1994",2711.1,0.00354728229189939
"6777","16.08.1994",2709.5,-0.00059034056985092
"6778","15.08.1994",2691.2,-0.00677692522754004
"6779","12.08.1994",2693.9,0.00100276697786384
"6780","11.08.1994",2678.4,-0.00577035646133637
"6781","10.08.1994",2687.8,0.00350341381780772
"6782","09.08.1994",2674.7,-0.00488579060479634
"6783","08.08.1994",2675.1,0.000149538300775999
"6784","05.08.1994",2669.9,-0.00194574429955679
"6785","04.08.1994",2678,0.00302922874173117
"6786","03.08.1994",2691.9,0.00517701672100383
"6787","02.08.1994",2687.3,-0.00171029191005641
"6788","01.08.1994",2686.3,-0.000372189970055012
"6789","29.07.1994",2671.1,-0.00567440952151473
"6790","28.07.1994",2649.8,-0.00800620713647283
"6791","27.07.1994",2641.7,-0.00306151613973127
"6792","26.07.1994",2646,0.00162641638060957
"6793","25.07.1994",2651.1,0.0019255825171674
"6794","22.07.1994",2646,-0.00192558251716737
"6795","21.07.1994",2644.1,-0.000718322935936277
"6796","20.07.1994",2640.3,-0.00143819569108898
"6797","19.07.1994",2652.8,0.00472313889310009
"6798","18.07.1994",2658.7,0.00222159556683199
"6799","15.07.1994",2654.6,-0.00154329731570592
"6800","14.07.1994",2649.4,-0.00196078494194065
"6801","13.07.1994",2620.7,-0.0108917416075369
"6802","12.07.1994",2616.7,-0.00152747576191519
"6803","11.07.1994",2617,0.000114641649436885
"6804","08.07.1994",2623.4,0.00244256285089952
"6805","07.07.1994",2617.7,-0.00217511676834567
"6806","06.07.1994",2606.9,-0.00413429368110142
"6807","05.07.1994",2606.5,-0.000153450723437656
"6808","01.07.1994",2604.7,-0.000690819800270557
"6809","30.06.1994",2592.3,-0.00477199289242673
"6810","29.06.1994",2608.8,0.006344832959646
"6811","28.06.1994",2599,-0.00376358983361918
"6812","27.06.1994",2605.9,0.00265134932162
"6813","24.06.1994",2585.8,-0.00774316714265741
"6814","23.06.1994",2625.4,0.0151983275488541
"6815","22.06.1994",2643.1,0.00671920531188635
"6816","21.06.1994",2633.9,-0.00348683317079235
"6817","20.06.1994",2658.2,0.00918356447683122
"6818","17.06.1994",2678.2,0.00749572507423336
"6819","16.06.1994",2696.2,0.00669844719549778
"6820","15.06.1994",2687.2,-0.0033436149588807
"6821","14.06.1994",2697.4,0.00378858678467432
"6822","13.06.1994",2683.2,-0.00527823401381291
"6823","10.06.1994",2681.4,-0.000671065901483491
"6824","09.06.1994",2676.1,-0.00197853540978046
"6825","08.06.1994",2676,-3.73685095612626e-05
"6826","07.06.1994",2682.6,0.00246333121987074
"6827","06.06.1994",2687.5,0.00182491996792829
"6828","03.06.1994",2689.3,0.000669543247747141
"6829","02.06.1994",2676,-0.00495779443554634
"6830","01.06.1994",2673.6,-0.000897263406989782
"6831","31.05.1994",2667.1,-0.00243413904896084
"6832","27.05.1994",2672.9,0.00217228549841395
"6833","26.05.1994",2671,-0.000711091180621416
"6834","25.05.1994",2665.2,-0.00217383242157885
"6835","24.05.1994",2658.2,-0.00262989970114966
"6836","23.05.1994",2651.7,-0.00244825825222039
"6837","20.05.1994",2660.1,0.00316277231905899
"6838","19.05.1994",2666.3,0.00232802748580072
"6839","18.05.1994",2651.1,-0.00571709534780329
"6840","17.05.1994",2623.7,-0.0103891129324705
"6841","16.05.1994",2598.8,-0.00953573525322196
"6842","13.05.1994",2598.6,-7.69615577400342e-05
"6843","12.05.1994",2596.4,-0.000846968289322409
"6844","11.05.1994",2585.4,-0.00424563530946622
"6845","10.05.1994",2611.1,0.00989135361798066
"6846","09.05.1994",2594.1,-0.00653195283333383
"6847","06.05.1994",2627.3,0.012717067236618
"6848","05.05.1994",2648.6,0.00807449562175173
"6849","04.05.1994",2651.4,0.00105660387188529
"6850","03.05.1994",2657.8,0.00241091053265803
"6851","02.05.1994",2658.2,0.000150489089824867
"6852","29.04.1994",2647.2,-0.00414672437982997
"6853","28.04.1994",2634.2,-0.0049229470424563
"6854","26.04.1994",2647.8,0.00514957593861042
"6855","25.04.1994",2648.4,0.000226577547134383
"6856","22.04.1994",2621.8,-0.0100945792869821
"6857","21.04.1994",2624.2,0.000914982907906426
"6858","20.04.1994",2587,-0.0142771844855862
"6859","19.04.1994",2594.5,0.00289491662176519
"6860","18.04.1994",2598,0.00134809842275057
"6861","15.04.1994",2618.7,0.00793609317886878
"6862","14.04.1994",2617.6,-0.000420144000985795
"6863","13.04.1994",2616.6,-0.00038210233165217
"6864","12.04.1994",2626,0.00358601078596576
"6865","11.04.1994",2637.6,0.00440763689477987
"6866","08.04.1994",2625.4,-0.00463614738821415
"6867","07.04.1994",2645.8,0.00774021165897276
"6868","06.04.1994",2629.3,-0.00625582597906507
"6869","05.04.1994",2626.6,-0.00102741689815527
"6870","04.04.1994",2570.9,-0.0214342020130654
"6871","31.03.1994",2612.4,0.0160133068905079
"6872","30.03.1994",2615.3,0.00110947464371559
"6873","29.03.1994",2657.2,0.0158941231188684
"6874","28.03.1994",2701.6,0.0165712532802718
"6875","25.03.1994",2709.9,0.00306754375254962
"6876","24.03.1994",2727.6,0.00651036782259016
"6877","23.03.1994",2752.1,0.00894215495585829
"6878","22.03.1994",2751.7,-0.000145354119228351
"6879","21.03.1994",2748.2,-0.0012727505854539
"6880","18.03.1994",2763.4,0.00551565372489515
"6881","17.03.1994",2760.9,-0.000905092109648225
"6882","16.03.1994",2752.8,-0.00293813802965019
"6883","15.03.1994",2738.5,-0.0052082502594947
"6884","14.03.1994",2738.7,7.30300153687283e-05
"6885","11.03.1994",2733.6,-0.00186393343806264
"6886","10.03.1994",2719.8,-0.00506107362622336
"6887","09.03.1994",2736.3,0.00604829467936393
"6888","08.03.1994",2733.1,-0.00117014676751819
"6889","07.03.1994",2739.3,0.00226591720369975
"6890","04.03.1994",2724.9,-0.00527068311412659
"6891","03.03.1994",2714.1,-0.00397132347647198
"6892","02.03.1994",2722.4,0.00305343748689047
"6893","01.03.1994",2726,0.00132148906978181
"6894","28.02.1994",2741,0.00548748404630778
"6895","25.02.1994",2734.1,-0.00252050324302324
"6896","24.02.1994",2725.4,-0.00318710774404208
"6897","23.02.1994",2761.1,0.0130139447198687
"6898","22.02.1994",2764.8,0.00133914857414722
"6899","18.02.1994",2747.8,-0.00616770811988865
"6900","17.02.1994",2763.8,0.00580595287953645
"6901","16.02.1994",2776.1,0.00444052066325107
"6902","15.02.1994",2774.1,-0.00072069478093288
"6903","14.02.1994",2762.5,-0.00419030342569438
"6904","11.02.1994",2763,0.000180979097408235
"6905","10.02.1994",2760.2,-0.00101390506947697
"6906","09.02.1994",2779.8,0.00707584179671817
"6907","08.02.1994",2769.9,-0.00356776420396582
"6908","07.02.1994",2770.4,0.000180495641520367
"6909","04.02.1994",2762,-0.00303665911897481
"6910","03.02.1994",2825.1,0.0225887072148897
"6911","02.02.1994",2830.7,0.00198026869055344
"6912","01.02.1994",2817.3,-0.00474505139600314
"6913","31.01.1994",2824.2,0.00244615915647391
"6914","28.01.1994",2806.5,-0.00628698325289758
"6915","27.01.1994",2795.5,-0.00392717391555402
"6916","26.01.1994",2773.1,-0.00804515347445535
"6917","25.01.1994",2761.1,-0.00433667695665543
"6918","24.01.1994",2767.7,0.00238749932538113
"6919","21.01.1994",2782.2,0.0052253312644996
"6920","20.01.1994",2783.3,0.000395292431703792
"6921","19.01.1994",2780.4,-0.00104247183084303
"6922","18.01.1994",2778.4,-0.000719579796466557
"6923","17.01.1994",2773.6,-0.0017291070590507
"6924","14.01.1994",2779.8,0.00223286727984408
"6925","13.01.1994",2767.5,-0.00443459706786586
"6926","12.01.1994",2774.2,0.00241803174639763
"6927","11.01.1994",2773.1,-0.000396589336945041
"6928","10.01.1994",2778.4,0.00190939443761969
"6929","07.01.1994",2752.8,-0.00925664694659362
"6930","06.01.1994",2738.6,-0.00517173458513749
"6931","05.01.1994",2741.9,0.0012042698289657
"6932","04.01.1994",2737.2,-0.00171561064875639
"6933","03.01.1994",2730.9,-0.0023042748989898
"6934","31.12.1993",2739.4,0.00310769312136806
"6935","30.12.1993",2746.7,0.00266127278337718
"6936","29.12.1993",2756.3,0.00348900953608887
"6937","28.12.1993",2754.5,-0.000653262707415586
"6938","27.12.1993",2749.9,-0.00167139054969091
"6939","23.12.1993",2733.2,-0.00609146345645721
"6940","22.12.1993",2729.6,-0.00131800560926316
"6941","21.12.1993",2718.9,-0.00392769156851423
"6942","20.12.1993",2723.7,0.00176386331697551
"6943","17.12.1993",2725.8,0.000770712947591524
"6944","16.12.1993",2708.5,-0.00636698689545916
"6945","15.12.1993",2700.9,-0.00280992531541267
"6946","14.12.1993",2708.9,0.0029575976308138
"6947","13.12.1993",2723.7,0.00544860163246635
"6948","10.12.1993",2716.7,-0.00257334161564731
"6949","09.12.1993",2717.4,0.000257632360049392
"6950","08.12.1993",2727.7,0.00378322245142475
"6951","07.12.1993",2727.8,3.66602511269378e-05
"6952","06.12.1993",2724.3,-0.00128390912888238
"6953","03.12.1993",2714.7,-0.0035300643386952
"6954","02.12.1993",2705.2,-0.00350560332441231
"6955","01.12.1993",2699.2,-0.00222041390908109
"6956","30.11.1993",2694.1,-0.00189123598543699
"6957","29.11.1993",2697,0.00107584733346311
"6958","26.11.1993",2702.8,0.00214822853828961
"6959","24.11.1993",2697.7,-0.00188871456942072
"6960","23.11.1993",2688.3,-0.00349053455031521
"6961","22.11.1993",2677.8,-0.00391346169500427
"6962","19.11.1993",2701.9,0.00895966734949012
"6963","18.11.1993",2709,0.00262433387232581
"6964","17.11.1993",2715.4,0.00235970908108583
"6965","16.11.1993",2725.9,0.00385937663166381
"6966","15.11.1993",2713,-0.00474361513891296
"6967","12.11.1993",2723.5,0.00386278416479749
"6968","11.11.1993",2707.7,-0.00581825179402202
"6969","10.11.1993",2712.9,0.00191860738483703
"6970","09.11.1993",2696,-0.00624898038234658
"6971","08.11.1993",2693.3,-0.00100198549937621
"6972","05.11.1993",2687.8,-0.00204419241985756
"6973","04.11.1993",2680.1,-0.00286890787135451
"6974","03.11.1993",2712.2,0.0119060064122355
"6975","02.11.1993",2743.6,0.0115108129713214
"6976","01.11.1993",2748.5,0.00178438167554867
"6977","29.10.1993",2742.6,-0.00214893273496142
"6978","28.10.1993",2738.5,-0.00149605034197758
"6979","27.10.1993",2722.3,-0.00593321400676099
"6980","26.10.1993",2720.3,-0.000734942891273837
"6981","25.10.1993",2720.9,0.000220539587749575
"6982","22.10.1993",2718.1,-0.00102960112055595
"6983","21.10.1993",2727.1,0.00330566671401343
"6984","20.10.1993",2731,0.00142906896675673
"6985","19.10.1993",2733.9,0.00106131869648594
"6986","18.10.1993",2749.2,0.00558079907725916
"6987","15.10.1993",2754.3,0.00185336657031408
"6988","14.10.1993",2739.9,-0.00524190345202107
"6989","13.10.1993",2714.8,-0.00920313753613962
"6990","12.10.1993",2714,-0.000294724434788956
"6991","11.10.1993",2710.1,-0.00143802683286609
"6992","08.10.1993",2704.9,-0.00192059154143097
"6993","07.10.1993",2700.9,-0.00147989223797657
"6994","06.10.1993",2709.6,0.00321597172102098
"6995","05.10.1993",2711.1,0.000553434072457921
"6996","04.10.1993",2710.6,-0.000184443994104222
"6997","01.10.1993",2709.9,-0.000258278758007941
"6998","30.09.1993",2698.7,-0.00414155826239699
"6999","29.09.1993",2702.6,0.00144409704247504
"7000","28.09.1993",2708.6,0.00221762361728534
"7001","27.09.1993",2709.1,0.000184580172922033
"7002","24.09.1993",2687.6,-0.00796787434819795
"7003","23.09.1993",2687.1,-0.000186056896735586
"7004","22.09.1993",2678,-0.00339229789814145
"7005","21.09.1993",2660.2,-0.00666893933192208
"7006","20.09.1993",2672.7,0.00468788947551206
"7007","17.09.1993",2692.7,0.0074552102857252
"7008","16.09.1993",2695.7,0.00111350319574347
"7009","15.09.1993",2703.4,0.00285232917355094
"7010","14.09.1993",2696,-0.0027410470175298
"7011","13.09.1993",2707.5,0.00425650684294794
"7012","10.09.1993",2706.1,-0.000517215912224686
"7013","09.09.1993",2683,-0.00857291253729681
"7014","08.09.1993",2676.9,-0.0022761628514087
"7015","07.09.1993",2692,0.00562500319040293
"7016","03.09.1993",2709.2,0.00636897657613014
"7017","02.09.1993",2708,-0.00044303330858287
"7018","01.09.1993",2716.2,0.00302348963780225
"7019","31.08.1993",2716.2,0
"7020","30.08.1993",2707.3,-0.00328201640599555
"7021","27.08.1993",2700.5,-0.00251488723102645
"7022","26.08.1993",2705.1,0.00170193914102483
"7023","25.08.1993",2700,-0.00188710718155023
"7024","24.08.1993",2697.9,-0.000778080403840961
"7025","23.08.1993",2674.2,-0.0088234224080144
"7026","20.08.1993",2677.8,0.00134529168271429
"7027","19.08.1993",2677.6,-7.46909661625044e-05
"7028","18.08.1993",2673.8,-0.00142018934809456
"7029","17.08.1993",2656.9,-0.00634065192954324
"7030","16.08.1993",2649.4,-0.00282683036931783
"7031","13.08.1993",2640.3,-0.00344065220228545
"7032","12.08.1993",2634.7,-0.00212322354645312
"7033","11.08.1993",2643.3,0.00325881303937117
"7034","10.08.1993",2639.5,-0.00143863127712292
"7035","09.08.1993",2644.3,0.00181687471910872
"7036","06.08.1993",2631.9,-0.00470036118033185
"7037","05.08.1993",2628,-0.00148291819794681
"7038","04.08.1993",2632.1,0.00155890603992855
"7039","03.08.1993",2635.5,0.00129091065083192
"7040","02.08.1993",2638.5,0.00113765655046107
"7041","30.07.1993",2627.5,-0.0041777500946164
"7042","29.07.1993",2636.4,0.00338152642745862
"7043","28.07.1993",2620.8,-0.00593473551981447
"7044","27.07.1993",2625.9,0.0019440797477516
"7045","26.07.1993",2629.5,0.0013700196228968
"7046","23.07.1993",2616.6,-0.00491794895262317
"7047","22.07.1993",2603.9,-0.00486544394346636
"7048","21.07.1993",2618.1,0.00543854270406591
"7049","20.07.1993",2619.2,0.000420063779495196
"7050","19.07.1993",2615.2,-0.00152835120686956
"7051","16.07.1993",2616.5,0.000496970402261687
"7052","15.07.1993",2632.4,0.00605843076970157
"7053","14.07.1993",2636.6,0.00159423074190544
"7054","13.07.1993",2626.3,-0.00391419679282021
"7055","12.07.1993",2629.1,0.00106557075196413
"7056","09.07.1993",2624.3,-0.00182738848583366
"7057","08.07.1993",2625.8,0.000571417702830301
"7058","07.07.1993",2597.8,-0.0107206785268264
"7059","06.07.1993",2591.3,-0.00250525270264877
"7060","02.07.1993",2613,0.00833930625007755
"7061","01.07.1993",2629.1,0.00614259576240079
"7062","30.06.1993",2633.9,0.00182405522738794
"7063","29.06.1993",2633.5,-0.000151877586957148
"7064","28.06.1993",2638.4,0.00185891288189055
"7065","25.06.1993",2613.8,-0.00936757164239888
"7066","24.06.1993",2607.5,-0.00241319328800809
"7067","23.06.1993",2589.7,-0.00684986900600017
"7068","22.06.1993",2602.1,0.00477677244043724
"7069","21.06.1993",2603.1,0.000384231158189039
"7070","18.06.1993",2589.9,-0.00508377755796693
"7071","17.06.1993",2613.9,0.00922409399576414
"7072","16.06.1993",2607.5,-0.0024514510304234
"7073","15.06.1993",2600.3,-0.00276508490626208
"7074","14.06.1993",2605.6,0.00203615199335837
"7075","11.06.1993",2603.7,-0.000729464643715008
"7076","10.06.1993",2596.2,-0.00288467285941465
"7077","09.06.1993",2598.7,0.000962482508997028
"7078","08.06.1993",2592.1,-0.00254296199301082
"7079","07.06.1993",2609.6,0.00672859489186909
"7080","04.06.1993",2624.6,0.00573155059543684
"7081","03.06.1993",2639.1,0.00550944646455224
"7082","02.06.1993",2646.3,0.00272448800609249
"7083","01.06.1993",2646.4,3.77878965411789e-05
"7084","28.05.1993",2628.6,-0.00674884078146448
"7085","27.05.1993",2637.4,0.003342198325691
"7086","26.05.1993",2642.4,0.00189401170298128
"7087","25.05.1993",2619.1,-0.00885684778539231
"7088","24.05.1993",2612.4,-0.00256140826268552
"7089","21.05.1993",2604,-0.00322061470004228
"7090","20.05.1993",2626.7,0.00867958113016336
"7091","19.05.1993",2610.2,-0.00630145872519589
"7092","18.05.1993",2575,-0.0135773126355907
"7093","17.05.1993",2575.6,0.000232982566191794
"7094","14.05.1993",2573,-0.00100998338228423
"7095","13.05.1993",2572.3,-0.000272092979736258
"7096","12.05.1993",2601.8,0.0114030728654509
"7097","11.05.1993",2599.9,-0.000730530436010733
"7098","10.05.1993",2590.9,-0.00346767705116212
"7099","07.05.1993",2587.2,-0.00142909585744343
"7100","06.05.1993",2592.9,0.00220073060385979
"7101","05.05.1993",2598.2,0.00204195713493009
"7102","04.05.1993",2593,-0.00200339102296798
"7103","03.05.1993",2585.7,-0.00281924221720125
"7104","30.04.1993",2574.3,-0.00441861184027812
"7105","29.04.1993",2563.9,-0.0040481157612673
"7106","28.04.1993",2557.8,-0.00238202272069794
"7107","27.04.1993",2558.1,0.000117281416893844
"7108","26.04.1993",2536.7,-0.00840077171036094
"7109","23.04.1993",2557.3,0.00808799069361868
"7110","22.04.1993",2570.3,0.00507060919481051
"7111","21.04.1993",2591.3,0.00813705667635313
"7112","20.04.1993",2598.2,0.00265921729109751
"7113","19.04.1993",2611.9,0.00525902826260246
"7114","16.04.1993",2619.5,0.00290553402403955
"7115","15.04.1993",2615.8,-0.00141348179322235
"7116","14.04.1993",2619.4,0.00137530584025054
"7117","13.04.1993",2620.7,0.000496173747321695
"7118","12.04.1993",2610.8,-0.00378476988156181
"7119","08.04.1993",2578.3,-0.0125264207537985
"7120","07.04.1993",2583.4,0.00197609379065115
"7121","06.04.1993",2576,-0.00286855257367091
"7122","05.04.1993",2584.2,0.00317817406387555
"7123","02.04.1993",2582,-0.000851689881532051
"7124","01.04.1993",2630.1,0.0184575758560617
"7125","31.03.1993",2637.3,0.00273379826259317
"7126","30.03.1993",2634.8,-0.000948388758704707
"7127","29.03.1993",2627.4,-0.00281251373113025
"7128","26.03.1993",2612.4,-0.00572542500690556
"7129","25.03.1993",2625.8,0.00511627247150793
"7130","24.03.1993",2610.8,-0.00572892373894764
"7131","23.03.1993",2614.5,0.00141618686712291
"7132","22.03.1993",2615.3,0.000305939044032387
"7133","19.03.1993",2624.2,0.00339727399939763
"7134","18.03.1993",2634.1,0.00376547998308957
"7135","17.03.1993",2615.2,-0.00720099124470404
"7136","16.03.1993",2630.9,0.00598541654611633
"7137","15.03.1993",2632.5,0.000607972052013521
"7138","12.03.1993",2624,-0.00323409394415096
"7139","11.03.1993",2645.6,0.00819801160360343
"7140","10.03.1993",2657.8,0.00460083022982452
"7141","09.03.1993",2645.6,-0.00460083022982439
"7142","08.03.1993",2645,-0.000226817375183278
"7143","05.03.1993",2601,-0.0167750788437482
"7144","04.03.1993",2606.7,0.0021890670646183
"7145","03.03.1993",2616.1,0.00359960563290727
"7146","02.03.1993",2606.9,-0.00352288321457881
"7147","01.03.1993",2577.4,-0.0113806370773074
"7148","26.02.1993",2580.8,0.0013182895166536
"7149","25.02.1993",2573.4,-0.00287144662005467
"7150","24.02.1993",2564.1,-0.00362044191080785
"7151","23.02.1993",2531,-0.0129930582949579
"7152","22.02.1993",2532.6,0.000631961471383936
"7153","19.02.1993",2530,-0.00102714029494209
"7154","18.02.1993",2517.4,-0.00499267986416133
"7155","17.02.1993",2524.4,0.00277678785267979
"7156","16.02.1993",2532.3,0.00312456994769949
"7157","12.02.1993",2593.7,0.0239574470269848
"7158","11.02.1993",2608.8,0.00580491779034071
"7159","10.02.1993",2600.4,-0.00322506614479579
"7160","09.02.1993",2596.3,-0.00157792477945519
"7161","08.02.1993",2612.4,0.00618198447764368
"7162","05.02.1993",2618.1,0.00217952480887322
"7163","04.02.1993",2622.1,0.00152665958432759
"7164","03.02.1993",2605.9,-0.0061974184585924
"7165","02.02.1993",2579.8,-0.0100662284320745
"7166","01.02.1993",2578,-0.000697972031903143
"7167","29.01.1993",2558,-0.00778820136034465
"7168","28.01.1993",2555.7,-0.000899544421883599
"7169","27.01.1993",2553,-0.00105702047542062
"7170","26.01.1993",2564.4,0.00445539487161849
"7171","25.01.1993",2563.8,-0.00023400023506792
"7172","22.01.1993",2542,-0.008539360128635
"7173","21.01.1993",2535.8,-0.00244200365555163
"7174","20.01.1993",2526,-0.00387214518341124
"7175","19.01.1993",2534.1,0.00320152049112429
"7176","18.01.1993",2541.2,0.00279786599081754
"7177","15.01.1993",2542.7,0.000590098170116309
"7178","14.01.1993",2533.5,-0.00362476264652986
"7179","13.01.1993",2517.8,-0.00621624158380552
"7180","12.01.1993",2508.1,-0.0038600099659376
"7181","11.01.1993",2506.9,-0.000478564316212291
"7182","08.01.1993",2497.6,-0.00371665928884161
"7183","07.01.1993",2508.7,0.00443441990662479
"7184","06.01.1993",2528.7,0.00794064600375381
"7185","05.01.1993",2529.8,0.000434911541895304
"7186","04.01.1993",2536.4,0.00260550461243519
"7187","31.12.1992",2539.9,0.00137895733294372
"7188","30.12.1992",2550,0.0039686489936516
"7189","29.12.1992",2544.7,-0.00208059430856328
"7190","28.12.1992",2548.4,0.00145294639842472
"7191","24.12.1992",2550.7,0.000902120043137707
"7192","23.12.1992",2548.3,-0.000941361120702799
"7193","22.12.1992",2555.5,0.00282142904356619
"7194","21.12.1992",2555.9,0.000156512893069067
"7195","18.12.1992",2559.7,0.00148565200521311
"7196","17.12.1992",2528.4,-0.0123033725084728
"7197","16.12.1992",2508.7,-0.00782200093035132
"7198","15.12.1992",2516.8,0.00322356263622098
"7199","14.12.1992",2518.2,0.000556107263586738
"7200","11.12.1992",2523.2,0.00198357664117365
"7201","10.12.1992",2526.8,0.00142574281577158
"7202","09.12.1992",2531.8,0.00197683217818247
"7203","08.12.1992",2540.2,0.00331230586749116
"7204","07.12.1992",2530.9,-0.00366784738070764
"7205","04.12.1992",2514.1,-0.00666008408299794
"7206","03.12.1992",2503.4,-0.00426507871259027
"7207","02.12.1992",2503.2,-7.9894539250798e-05
"7208","01.12.1992",2508.1,0.00195558101154919
"7209","30.11.1992",2510.7,0.00103610434071667
"7210","27.11.1992",2503,-0.00307158627516383
"7211","25.11.1992",2496.8,-0.00248010047520443
"7212","24.11.1992",2487.7,-0.00365132314584013
"7213","23.11.1992",2475.4,-0.00495658970480766
"7214","20.11.1992",2482.5,0.00286411781340559
"7215","19.11.1992",2466.3,-0.00654706509313017
"7216","18.11.1992",2462.3,-0.00162317935244774
"7217","17.11.1992",2443.5,-0.00766443476354018
"7218","16.11.1992",2450.8,0.00298306414129003
"7219","13.11.1992",2459.9,0.00370619684215469
"7220","12.11.1992",2461.9,0.000812710841595848
"7221","11.11.1992",2459.2,-0.00109731575091878
"7222","10.11.1992",2438.9,-0.00828897581895495
"7223","09.11.1992",2438.6,-0.000123013839212038
"7224","06.11.1992",2432.9,-0.00234014270808861
"7225","05.11.1992",2435.9,0.00123233666598078
"7226","04.11.1992",2429.7,-0.00254850516100264
"7227","03.11.1992",2445.1,0.00631822894504564
"7228","02.11.1992",2458.2,0.00534335291278074
"7229","30.10.1992",2438,-0.00825134373966353
"7230","29.10.1992",2447,0.00368475340145474
"7231","28.10.1992",2441.6,-0.00220922235253386
"7232","27.10.1992",2432.1,-0.00389848042836671
"7233","26.10.1992",2429.6,-0.00102844693023215
"7234","23.10.1992",2409,-0.00851491111666766
"7235","22.10.1992",2411.9,0.00120309500292375
"7236","21.10.1992",2417.1,0.00215365583346477
"7237","20.10.1992",2416.9,-8.27472073289174e-05
"7238","19.10.1992",2413.4,-0.00144918560443056
"7239","16.10.1992",2394.3,-0.00794562908942745
"7240","15.10.1992",2384.8,-0.00397564918621125
"7241","14.10.1992",2383.2,-0.000671140964789354
"7242","13.10.1992",2382.4,-0.000335739469327888
"7243","12.10.1992",2371.5,-0.00458571661210822
"7244","09.10.1992",2348.5,-0.0097458398505866
"7245","08.10.1992",2375.1,0.0112627153784479
"7246","07.10.1992",2356.3,-0.00794694971516998
"7247","06.10.1992",2369.5,0.00558637027731522
"7248","05.10.1992",2370,0.000210992721533927
"7249","02.10.1992",2387.6,0.00739872216531791
"7250","01.10.1992",2418.5,0.0128588359685432
"7251","30.09.1992",2426.3,0.00321994994189623
"7252","29.09.1992",2420.3,-0.00247596379531957
"7253","28.09.1992",2418.2,-0.000868037669468281
"7254","25.09.1992",2408,-0.00422693431143466
"7255","24.09.1992",2431.8,0.00983519643360636
"7256","23.09.1992",2425.8,-0.00247035698753773
"7257","22.09.1992",2426.5,0.000288522970490553
"7258","21.09.1992",2451.9,0.0104133443449228
"7259","18.09.1992",2457.2,0.00215925609957847
"7260","17.09.1992",2442.2,-0.00612321789085088
"7261","16.09.1992",2443.3,0.000450312155803399
"7262","15.09.1992",2442.9,-0.000163726413529427
"7263","14.09.1992",2471.4,0.0115989335288948
"7264","11.09.1992",2440.4,-0.0126228313923927
"7265","10.09.1992",2440.2,-8.19571364636591e-05
"7266","09.09.1992",2422.4,-0.0073212188981041
"7267","08.09.1992",2414.7,-0.0031837284753319
"7268","04.09.1992",2429.3,0.00602809422424003
"7269","03.09.1992",2433.2,0.00160411345451242
"7270","02.09.1992",2432.1,-0.000452181784779078
"7271","01.09.1992",2421.6,-0.00432660295426226
"7272","31.08.1992",2411.1,-0.00434540382072645
"7273","28.08.1992",2415.4,0.00178182995449247
"7274","27.08.1992",2408,-0.00306837741256321
"7275","26.08.1992",2405.3,-0.00112189154351231
"7276","25.08.1992",2394.6,-0.0044584336024562
"7277","24.08.1992",2393.3,-0.000543035582174187
"7278","21.08.1992",2417.3,0.00997804811148617
"7279","20.08.1992",2436,0.00770613501773242
"7280","19.08.1992",2436.3,0.000123145126687331
"7281","18.08.1992",2452.1,0.00646430530227949
"7282","17.08.1992",2448.9,-0.00130585613333435
"7283","14.08.1992",2443.2,-0.00233028866105217
"7284","13.08.1992",2431.4,-0.00484143234267432
"7285","12.08.1992",2431.9,0.000205621697925935
"7286","11.08.1992",2438.4,0.00266924167270753
"7287","10.08.1992",2441.1,0.00110667087839411
"7288","07.08.1992",2440.3,-0.000327774821634052
"7289","06.08.1992",2447.8,0.00306867939915102
"7290","05.08.1992",2456.2,0.00342577822804552
"7291","04.08.1992",2467.8,0.00471162528814993
"7292","03.08.1992",2470.7,0.00117444581688205
"7293","31.07.1992",2465.3,-0.00218800735588281
"7294","30.07.1992",2462.5,-0.00113640987918882
"7295","29.07.1992",2452.6,-0.00402840771831834
"7296","28.07.1992",2427.1,-0.010451557318712
"7297","27.07.1992",2394.9,-0.0133556526893507
"7298","24.07.1992",2394.7,-8.35142809907115e-05
"7299","23.07.1992",2396.6,0.000793104209543999
"7300","22.07.1992",2391,-0.00233937779009145
"7301","21.07.1992",2405.2,0.00592137170708876
"7302","20.07.1992",2405.6,0.000166292508905638
"7303","17.07.1992",2416.2,0.00439670541114416
"7304","16.07.1992",2426.6,0.00429504253230909
"7305","15.07.1992",2423.5,-0.00127832433234197
"7306","14.07.1992",2426.8,0.00136074078271222
"7307","13.07.1992",2411.2,-0.00644896819591186
"7308","10.07.1992",2409.5,-0.00070529179184348
"7309","09.07.1992",2406.1,-0.00141207764970355
"7310","08.07.1992",2384.3,-0.00910159923632235
"7311","07.07.1992",2380.7,-0.00151101812589848
"7312","06.07.1992",2404.9,0.0101137605653447
"7313","02.07.1992",2394,-0.00454271551588922
"7314","01.07.1992",2397.6,0.00150262988453487
"7315","30.06.1992",2372,-0.0107347558848374
"7316","29.06.1992",2373.2,0.000505774266871943
"7317","26.06.1992",2344,-0.0123803836875849
"7318","25.06.1992",2342.4,-0.000682826929910778
"7319","24.06.1992",2345.4,0.00127991825997166
"7320","23.06.1992",2347.3,0.000809768407877339
"7321","22.06.1992",2342.7,-0.00196162109810264
"7322","19.06.1992",2346.9,0.00179119802240577
"7323","18.06.1992",2332.7,-0.00606891340463435
"7324","17.06.1992",2341.6,0.00380806142316582
"7325","16.06.1992",2376.1,0.0146260317612913
"7326","15.06.1992",2385.6,0.00399017687150656
"7327","12.06.1992",2384.5,-0.00046120627219488
"7328","11.06.1992",2380.1,-0.00184695514871733
"7329","10.06.1992",2372.3,-0.00328255492124264
"7330","09.06.1992",2389.1,0.0070567772996557
"7331","08.06.1992",2407.7,0.00775520898180836
"7332","05.06.1992",2409.5,0.000747322130604421
"7333","04.06.1992",2409.8,0.000124499408788761
"7334","03.06.1992",2417.7,0.00327291850939912
"7335","02.06.1992",2412.9,-0.00198733142044223
"7336","01.06.1992",2430.9,0.00743221555665632
"7337","29.05.1992",2420,-0.00449401898405722
"7338","28.05.1992",2423.9,0.00161027306208574
"7339","27.05.1992",2401.8,-0.00915935698623471
"7340","26.05.1992",2398.8,-0.00124984393222829
"7341","22.05.1992",2412.9,0.0058607312837783
"7342","21.05.1992",2405.2,-0.00319628341271949
"7343","20.05.1992",2420.8,0.00646500386867807
"7344","19.05.1992",2424.8,0.00165098270950201
"7345","18.05.1992",2406.5,-0.00757563700042938
"7346","15.05.1992",2392.9,-0.00566739025789376
"7347","14.05.1992",2407.9,0.00624897884191753
"7348","13.05.1992",2426,0.0074888121768076
"7349","12.05.1992",2426.1,4.12192658906836e-05
"7350","11.05.1992",2436.9,0.00444170995513184
"7351","08.05.1992",2435.4,-0.000615725652110829
"7352","07.05.1992",2422.2,-0.00543479598595706
"7353","06.05.1992",2427.3,0.00210331039495369
"7354","05.05.1992",2426.7,-0.000247218789887154
"7355","04.05.1992",2425.8,-0.000370942817236277
"7356","01.05.1992",2402.4,-0.00969312920565968
"7357","30.04.1992",2414,0.00481688498835629
"7358","29.04.1992",2395.8,-0.00756791836024613
"7359","28.04.1992",2380.4,-0.00644866352653363
"7360","27.04.1992",2378.4,-0.000840548086809116
"7361","24.04.1992",2380.4,0.000840548086808993
"7362","23.04.1992",2391.4,0.00461042771478256
"7363","22.04.1992",2383.5,-0.00330897284059931
"7364","21.04.1992",2386.5,0.00125786180107093
"7365","20.04.1992",2387.2,0.000293273563490306
"7366","16.04.1992",2420.3,0.013770368400173
"7367","15.04.1992",2423,0.0011149424069113
"7368","14.04.1992",2403.5,-0.00808043348251035
"7369","13.04.1992",2370.2,-0.0139516685796673
"7370","10.04.1992",2360.8,-0.0039737951256184
"7371","09.04.1992",2337.9,-0.00974745411110473
"7372","08.04.1992",2304.2,-0.0145195459136719
"7373","07.04.1992",2326.2,0.00950249030098534
"7374","06.04.1992",2366.3,0.0170915188760674
"7375","03.04.1992",2345.9,-0.00865843022203832
"7376","02.04.1992",2342.2,-0.00157846495093051
"7377","01.04.1992",2362.4,0.00858739282167613
"7378","31.03.1992",2360.6,-0.000762227434744401
"7379","30.03.1992",2357.8,-0.00118684313694143
"7380","27.03.1992",2361.2,0.00144098350850717
"7381","26.03.1992",2384.3,0.00973561582782733
"7382","25.03.1992",2383.2,-0.00046145779528904
"7383","24.03.1992",2388.5,0.00222143143094407
"7384","23.03.1992",2393.8,0.00221650760925373
"7385","20.03.1992",2399.8,0.0025033390910185
"7386","19.03.1992",2392.3,-0.00313015426375292
"7387","18.03.1992",2389,-0.00138037794072619
"7388","17.03.1992",2389.8,0.000334812089843999
"7389","16.03.1992",2373.2,-0.00697042503116551
"7390","13.03.1992",2371.7,-0.000632257813639413
"7391","12.03.1992",2361.1,-0.00447938544793092
"7392","11.03.1992",2363.8,0.00114288145522247
"7393","10.03.1992",2379.3,0.00653583317924339
"7394","09.03.1992",2370.1,-0.00387417842552556
"7395","06.03.1992",2366.3,-0.00160459455085252
"7396","05.03.1992",2378.2,0.00501634522247279
"7397","04.03.1992",2396.6,0.00770716724493774
"7398","03.03.1992",2415.4,0.00781383859285873
"7399","02.03.1992",2412.9,-0.00103556126314186
"7400","28.02.1992",2413,4.14430468988011e-05
"7401","27.02.1992",2418.7,0.00235941910476951
"7402","26.02.1992",2423.8,0.00210635080458586
"7403","25.02.1992",2396.9,-0.0111603207854423
"7404","24.02.1992",2406.8,0.00412182859725195
"7405","21.02.1992",2405.1,-0.000706581629181173
"7406","20.02.1992",2417.1,0.00497699173424429
"7407","19.02.1992",2388.1,-0.0120704037686433
"7408","18.02.1992",2386,-0.000879747024755254
"7409","14.02.1992",2412.5,0.0110452305552795
"7410","13.02.1992",2418.5,0.00248395904989684
"7411","12.02.1992",2437.7,0.00790745852499316
"7412","11.02.1992",2420.8,-0.00695690775393962
"7413","10.02.1992",2420.6,-8.26207295881338e-05
"7414","07.02.1992",2407.1,-0.00559273989210741
"7415","06.02.1992",2421,0.00575797452566264
"7416","05.02.1992",2420,-0.000413137787326384
"7417","04.02.1992",2419.2,-0.000330633165518344
"7418","03.02.1992",2396.1,-0.00959449139376085
"7419","31.01.1992",2391.8,-0.00179619505674577
"7420","30.01.1992",2404.1,0.00512939259301602
"7421","29.01.1992",2396.4,-0.00320800191795337
"7422","28.01.1992",2420.9,0.0101717606294373
"7423","27.01.1992",2420.8,-4.13078051156639e-05
"7424","24.01.1992",2423.2,0.000990916678935861
"7425","23.01.1992",2420.2,-0.00123879934907542
"7426","22.01.1992",2434,0.00568581318352051
"7427","21.01.1992",2407,-0.0111548357644006
"7428","20.01.1992",2428.5,0.00889262400272758
"7429","17.01.1992",2441.4,0.00529786244989986
"7430","16.01.1992",2437.8,-0.00147565201396314
"7431","15.01.1992",2451.4,0.00556329668532873
"7432","14.01.1992",2448.6,-0.00114285726724986
"7433","13.01.1992",2415.8,-0.0134859374686369
"7434","10.01.1992",2420.9,0.00210887666802918
"7435","09.01.1992",2434.4,0.00556094774355418
"7436","08.01.1992",2434.4,0
"7437","07.01.1992",2428.7,-0.00234418482458567
"7438","06.01.1992",2430.4,0.000699718083332658
"7439","03.01.1992",2435.7,0.00217833669500203
"7440","02.01.1992",2423.2,-0.00514520882348289
"7441","31.12.1991",2426,0.00115482979096788
"7442","30.12.1991",2413.1,-0.00533158254951999
"7443","27.12.1991",2365.9,-0.0197537287362325
"7444","26.12.1991",2353.8,-0.00512745577468103
"7445","24.12.1991",2322.5,-0.0133868517555684
"7446","23.12.1991",2306.4,-0.00695632436380107
"7447","20.12.1991",2253.6,-0.0231589297620297
"7448","19.12.1991",2230.1,-0.0104825100640905
"7449","18.12.1991",2235.7,0.00250795061814112
"7450","17.12.1991",2233.3,-0.00107406588978434
"7451","16.12.1991",2242.5,0.00411100270652229
"7452","13.12.1991",2240.6,-0.000847627808328345
"7453","12.12.1991",2225.1,-0.00694182871400082
"7454","11.12.1991",2204.9,-0.00911970203200775
"7455","10.12.1991",2208.4,0.00158611503127516
"7456","09.12.1991",2212.1,0.00167401916708729
"7457","06.12.1991",2217.7,0.00252833219700638
"7458","05.12.1991",2209.5,-0.00370437720318855
"7459","04.12.1991",2221.9,0.00559644011559773
"7460","03.12.1991",2226.3,0.00197832895780535
"7461","02.12.1991",2227.4,0.000493971314802209
"7462","29.11.1991",2196.7,-0.0138787517388598
"7463","27.11.1991",2201.7,0.00227355499898683
"7464","26.11.1991",2207.5,0.00263086425898843
"7465","25.11.1991",2194.8,-0.00576972729329472
"7466","22.11.1991",2201,0.00282087634164126
"7467","21.11.1991",2222.7,0.00981087056425924
"7468","20.11.1991",2214.5,-0.00369602872746798
"7469","19.11.1991",2219.5,0.00225530091083713
"7470","18.11.1991",2252.5,0.014758765208403
"7471","15.11.1991",2240.8,-0.00520776553659413
"7472","14.11.1991",2318,0.0338717999537981
"7473","13.11.1991",2319.6,0.000690012102588438
"7474","12.11.1991",2315.6,-0.00172592379743598
"7475","11.11.1991",2295.2,-0.00884884753769453
"7476","08.11.1991",2292.6,-0.00113344098624578
"7477","07.11.1991",2296,0.00148193375854791
"7478","06.11.1991",2276.5,-0.00852930266462026
"7479","05.11.1991",2270,-0.00285934429938846
"7480","04.11.1991",2277.9,0.00347413441184945
"7481","01.11.1991",2284,0.0026743258886031
"7482","31.10.1991",2289.6,0.00244883802628549
"7483","30.10.1991",2289,-0.000262088849619756
"7484","29.10.1991",2279.5,-0.0041589202990706
"7485","28.10.1991",2267.4,-0.00532232006999777
"7486","25.10.1991",2239.7,-0.0122918722750734
"7487","24.10.1991",2245,0.00236359286792966
"7488","23.10.1991",2260.8,0.00701321175390833
"7489","22.10.1991",2261.4,0.000265357570881725
"7490","21.10.1991",2272.1,0.00472042345581283
"7491","18.10.1991",2285.5,0.00588030481484157
"7492","17.10.1991",2281.8,-0.00162021360953
"7493","16.10.1991",2284.4,0.00113880262843895
"7494","15.10.1991",2272.3,-0.00531087341295581
"7495","14.10.1991",2247.7,-0.0108850632269707
"7496","11.10.1991",2221.2,-0.0118598807833294
"7497","10.10.1991",2215.7,-0.00247920972622184
"7498","09.10.1991",2198.8,-0.00765662365472487
"7499","08.10.1991",2218.3,0.00882937976568306
"7500","07.10.1991",2211.6,-0.00302490128841062
"7501","04.10.1991",2222.8,0.00505142694198834
"7502","03.10.1991",2238.8,0.00717234561143824
"7503","02.10.1991",2258.6,0.00880514427236527
"7504","01.10.1991",2262.9,0.00190202423812514
"7505","30.09.1991",2255.8,-0.00314249932187845
"7506","27.09.1991",2243.9,-0.00528925383605943
"7507","26.09.1991",2246.3,0.00106899480136754
"7508","25.09.1991",2247.2,0.000400578618909352
"7509","24.09.1991",2251.1,0.00173398883008385
"7510","23.09.1991",2241.8,-0.00413987103312261
"7511","20.09.1991",2252,0.00453959567258605
"7512","19.09.1991",2249.5,-0.00111074097835405
"7513","18.09.1991",2244.1,-0.00240341935169609
"7514","17.09.1991",2236.8,-0.00325827689003965
"7515","16.09.1991",2237.9,0.000491653081617809
"7516","13.09.1991",2226.6,-0.00506216782650222
"7517","12.09.1991",2246.1,0.00871962061014226
"7518","11.09.1991",2233.3,-0.00571506667832014
"7519","10.09.1991",2231.1,-0.000985574849064885
"7520","09.09.1991",2253.7,0.0100785726472556
"7521","06.09.1991",2257.6,0.00172899207392972
"7522","05.09.1991",2257.2,-0.000177195003564553
"7523","04.09.1991",2262.3,0.00225688778172608
"7524","03.09.1991",2274.7,0.00546618068110489
"7525","30.08.1991",2291.2,0.00722752220851042
"7526","29.08.1991",2295.8,0.00200566886507011
"7527","28.08.1991",2296.3,0.000217765293428143
"7528","27.08.1991",2276.1,-0.00883567991268586
"7529","26.08.1991",2279.8,0.00162426779053952
"7530","23.08.1991",2281.3,0.000657736096150923
"7531","22.08.1991",2266.4,-0.00655278638252236
"7532","21.08.1991",2261.6,-0.00212014213692625
"7533","20.08.1991",2202.2,-0.0266156666998899
"7534","19.08.1991",2187.1,-0.00688039531098405
"7535","16.08.1991",2237.6,0.0228273975192433
"7536","15.08.1991",2256.2,0.00827811928306996
"7537","14.08.1991",2258.9,0.00119598694240964
"7538","13.08.1991",2256,-0.00128463549527996
"7539","12.08.1991",2247.2,-0.00390833682791564
"7540","09.08.1991",2243.4,-0.00169242457891077
"7541","08.08.1991",2254.6,0.00498000139930774
"7542","07.08.1991",2260.1,0.00243648646460682
"7543","06.08.1991",2259.7,-0.000176998982717937
"7544","05.08.1991",2230.9,-0.0128269696137156
"7545","02.08.1991",2241.9,0.00491862912574998
"7546","01.08.1991",2241.3,-0.000267665954488838
"7547","31.07.1991",2245.2,0.00173854941817892
"7548","30.07.1991",2237.8,-0.00330136369442331
"7549","29.07.1991",2218.9,-0.00848166280124992
"7550","26.07.1991",2207.6,-0.00510562500702469
"7551","25.07.1991",2207.6,0
"7552","24.07.1991",2196.1,-0.00522289263209892
"7553","23.07.1991",2201.7,0.00254672928587941
"7554","22.07.1991",2219.9,0.008232360587595
"7555","19.07.1991",2227.1,0.00323814090008215
"7556","18.07.1991",2232,0.00219775379439775
"7557","17.07.1991",2210.9,-0.00949837207002769
"7558","16.07.1991",2211.2,0.000135682142176691
"7559","15.07.1991",2214,0.00126547969523141
"7560","12.07.1991",2201,-0.00588903174212057
"7561","11.07.1991",2183.9,-0.00779953325573518
"7562","10.07.1991",2176.8,-0.00325636080168984
"7563","09.07.1991",2178,0.000551116023869153
"7564","08.07.1991",2185.9,0.00362061854305092
"7565","05.07.1991",2166.8,-0.00877621825221287
"7566","03.07.1991",2162,-0.00221770558459026
"7567","02.07.1991",2183.7,0.00998696659316833
"7568","01.07.1991",2185.3,0.000732433083784922
"7569","28.06.1991",2151.4,-0.0156343258782017
"7570","27.06.1991",2167,0.00722492953845394
"7571","26.06.1991",2152.2,-0.00685314777006723
"7572","25.06.1991",2148.7,-0.00162756668260931
"7573","24.06.1991",2151.8,0.00144169307612632
"7574","21.06.1991",2187.4,0.0164089227413167
"7575","20.06.1991",2176.8,-0.00485771543208877
"7576","19.06.1991",2175.9,-0.000413536431560192
"7577","18.06.1991",2195.4,0.00892189021573963
"7578","17.06.1991",2203.4,0.00363735965274853
"7579","14.06.1991",2213.5,0.00457335126623119
"7580","13.06.1991",2189.6,-0.0108560944457265
"7581","12.06.1991",2184.3,-0.00242346765769417
"7582","11.06.1991",2208.1,0.0108370061577286
"7583","10.06.1991",2196.6,-0.0052217068722584
"7584","07.06.1991",2201.3,0.00213738456504018
"7585","06.06.1991",2223,0.00980954004491084
"7586","05.06.1991",2229.8,0.00305426036927464
"7587","04.06.1991",2242.2,0.005545631386022
"7588","03.06.1991",2243.5,0.000579619696545
"7589","31.05.1991",2252.1,0.00382596783102834
"7590","30.05.1991",2236.3,-0.00704039981439476
"7591","29.05.1991",2214,-0.0100218801640894
"7592","28.05.1991",2208.5,-0.00248728223200098
"7593","24.05.1991",2185.2,-0.0106061945150186
"7594","23.05.1991",2172.4,-0.00587481036087221
"7595","22.05.1991",2177.6,0.00239080573651132
"7596","21.05.1991",2174,-0.00165456421604688
"7597","20.05.1991",2157.8,-0.00747960456391499
"7598","17.05.1991",2158.6,0.00037067927400616
"7599","16.05.1991",2157.5,-0.000509719433662859
"7600","15.05.1991",2136.9,-0.0095939633051651
"7601","14.05.1991",2153.6,0.00778467979799072
"7602","13.05.1991",2181.1,0.0126884762273982
"7603","10.05.1991",2176.8,-0.00197342820877014
"7604","09.05.1991",2215,0.0173964950101995
"7605","08.05.1991",2190.1,-0.0113051986107149
"7606","07.05.1991",2185.1,-0.00228561079570002
"7607","06.05.1991",2199.2,0.00643206377821491
"7608","03.05.1991",2203.6,0.00199872874752564
"7609","02.05.1991",2202.1,-0.000680936086414932
"7610","01.05.1991",2199.6,-0.00113592487848685
"7611","30.04.1991",2171.5,-0.012857352658783
"7612","29.04.1991",2163.6,-0.00364467197760469
"7613","26.04.1991",2191.6,0.0128583696669887
"7614","25.04.1991",2194.1,0.00114006898364348
"7615","24.04.1991",2211.7,0.00798951092677131
"7616","23.04.1991",2206.5,-0.00235390086507366
"7617","22.04.1991",2203.5,-0.00136054442756018
"7618","19.04.1991",2222.9,0.00876564441482251
"7619","18.04.1991",2244.4,0.00962557517995291
"7620","17.04.1991",2254.4,0.00444563726759879
"7621","16.04.1991",2238.6,-0.00703319168924867
"7622","15.04.1991",2205.6,-0.0148510897455801
"7623","12.04.1991",2200.2,-0.00245131540425171
"7624","11.04.1991",2185,-0.00693243677564468
"7625","10.04.1991",2161.5,-0.0108134034220041
"7626","09.04.1991",2164.9,0.00157174588569832
"7627","08.04.1991",2190.6,0.0118013078962614
"7628","05.04.1991",2174.6,-0.00733073932599704
"7629","04.04.1991",2196.5,0.0100204448521851
"7630","03.04.1991",2193,-0.0015947149979461
"7631","02.04.1991",2193.2,9.11951120051607e-05
"7632","01.04.1991",2150.8,-0.0195217985943702
"7633","28.03.1991",2170.8,0.00925589725372674
"7634","27.03.1991",2171,9.21276890420273e-05
"7635","26.03.1991",2173.4,0.00110487075045951
"7636","25.03.1991",2140,-0.0154869326128542
"7637","22.03.1991",2126.7,-0.00623434648681576
"7638","21.03.1991",2123.1,-0.00169419777923278
"7639","20.03.1991",2128.6,0.00258720185709527
"7640","19.03.1991",2121.7,-0.00324683248787325
"7641","18.03.1991",2149.8,0.0131571604198925
"7642","15.03.1991",2157.9,0.00376071200245712
"7643","14.03.1991",2160,0.000972695136790503
"7644","13.03.1991",2163.4,0.00157283651797861
"7645","12.03.1991",2141.1,-0.0103613425510579
"7646","11.03.1991",2157.5,0.00763042831245172
"7647","08.03.1991",2167.1,0.00443972426070206
"7648","07.03.1991",2171.4,0.00198225257946685
"7649","06.03.1991",2173.2,0.000828614879616036
"7650","05.03.1991",2175.4,0.00101181998238207
"7651","04.03.1991",2136.7,-0.0179499729108075
"7652","01.03.1991",2140,0.00154324626695462
"7653","28.02.1991",2122.1,-0.0083996645988932
"7654","27.02.1991",2122.6,0.000235587910718096
"7655","26.02.1991",2095.9,-0.0126586969486079
"7656","25.02.1991",2120,0.011433033286944
"7657","22.02.1991",2111.1,-0.0042069500254453
"7658","21.02.1991",2107,-0.00194400383642382
"7659","20.02.1991",2106.9,-4.74619711045362e-05
"7660","19.02.1991",2129.6,0.0107164958077626
"7661","15.02.1991",2128.4,-0.000563644918632907
"7662","14.02.1991",2103.3,-0.0118629838411825
"7663","13.02.1991",2127.2,0.0112990210477781
"7664","12.02.1991",2108.7,-0.00873491707884076
"7665","11.02.1991",2123.7,0.00708820659828386
"7666","08.02.1991",2073.5,-0.0239218497618172
"7667","07.02.1991",2059.1,-0.00696900657233512
"7668","06.02.1991",2065.9,0.00329697268348224
"7669","05.02.1991",2029,-0.0180229059717684
"7670","04.02.1991",2012,-0.00841380860618494
"7671","01.02.1991",1981.5,-0.0152751185891401
"7672","31.01.1991",1983.5,0.00100882732389508
"7673","30.01.1991",1966.9,-0.00840426169853782
"7674","29.01.1991",1938.9,-0.0143378973188875
"7675","28.01.1991",1940,0.000567171120414239
"7676","25.01.1991",1939,-0.000515596814722009
"7677","24.01.1991",1931.2,-0.00403080489938474
"7678","23.01.1991",1905,-0.0136595627824657
"7679","22.01.1991",1894.8,-0.00536871651120463
"7680","21.01.1991",1907.3,0.0065753373327843
"7681","18.01.1991",1912.5,0.00272265731830998
"7682","17.01.1991",1892.5,-0.010512580389087
"7683","16.01.1991",1829.3,-0.0339653263143513
"7684","15.01.1991",1815.5,-0.00757246814286203
"7685","14.01.1991",1810.3,-0.00286833447249235
"7686","11.01.1991",1826.9,0.00912796396062609
"7687","10.01.1991",1823.2,-0.00202734241104959
"7688","09.01.1991",1807.8,-0.00848256256716403
"7689","08.01.1991",1825.1,0.00952414367166428
"7690","07.01.1991",1830,0.00268118679949178
"7691","04.01.1991",1860.4,0.0164755515144754
"7692","03.01.1991",1865.3,0.00263037970057501
"7693","02.01.1991",1888.7,0.0124668636512835
"7694","31.12.1990",1908.4,0.0103764329401517
"7695","28.12.1990",1899.6,-0.00462185696698523
"7696","27.12.1990",1897.8,-0.000948017135308634
"7697","26.12.1990",1909.6,0.0061984754849622
"7698","24.12.1990",1903.4,-0.00325203538637723
"7699","21.12.1990",1912.5,0.00476952606244787
"7700","20.12.1990",1906.7,-0.00303728763029186
"7701","19.12.1990",1907,0.000157327530020112
"7702","18.12.1990",1905.3,-0.000891850123380272
"7703","17.12.1990",1884.4,-0.0110300086511527
"7704","14.12.1990",1889.6,0.0027556986172118
"7705","13.12.1990",1903.9,0.0075392475205331
"7706","12.12.1990",1905.9,0.00104992397696634
"7707","11.12.1990",1886.6,-0.0101780707248445
"7708","10.12.1990",1898.8,0.00644584046141008
"7709","07.12.1990",1893.4,-0.00284795298237205
"7710","06.12.1990",1900.2,0.00358498907785825
"7711","05.12.1990",1904.4,0.00220785454771466
"7712","04.12.1990",1884.1,-0.0107167450364089
"7713","03.12.1990",1872.3,-0.00628263167584795
"7714","30.11.1990",1861.6,-0.00573128862002508
"7715","29.11.1990",1830.7,-0.0167379256311129
"7716","28.11.1990",1838.9,0.00446915938983856
"7717","27.11.1990",1838.4,-0.000271938652316272
"7718","26.11.1990",1828.8,-0.00523561405394505
"7719","23.11.1990",1822.8,-0.00328623365081876
"7720","21.11.1990",1826.4,0.00197303582585839
"7721","20.11.1990",1823.8,-0.00142457971602071
"7722","19.11.1990",1843.4,0.0106894560599987
"7723","16.11.1990",1832.4,-0.00598510954697676
"7724","15.11.1990",1830.5,-0.00103742945229624
"7725","14.11.1990",1847,0.00897354763894908
"7726","13.11.1990",1832.5,-0.00788154643843339
"7727","12.11.1990",1840.6,0.0044104506439499
"7728","09.11.1990",1809.9,-0.0168200102899307
"7729","08.11.1990",1777.9,-0.0178387025922998
"7730","07.11.1990",1770.8,-0.00400147066454009
"7731","06.11.1990",1799.8,0.0162441257418621
"7732","05.11.1990",1813.3,0.00747284206013188
"7733","02.11.1990",1798.3,-0.00830661548882874
"7734","01.11.1990",1772.1,-0.014676490189852
"7735","31.10.1990",1757,-0.00855747479420196
"7736","30.10.1990",1756.1,-0.000512368005288302
"7737","29.10.1990",1747.2,-0.00508093463122301
"7738","26.10.1990",1762.8,0.00888894741724599
"7739","25.10.1990",1792.3,0.0165962572697197
"7740","24.10.1990",1803.9,0.00645127647608117
"7741","23.10.1990",1802.8,-0.000609975897139503
"7742","22.10.1990",1813.6,0.00597280837682592
"7743","19.10.1990",1801.8,-0.00652765497597964
"7744","18.10.1990",1766.3,-0.0198992020559418
"7745","17.10.1990",1729.8,-0.0208811682889862
"7746","16.10.1990",1730.3,0.000289008990191203
"7747","15.10.1990",1753.6,0.0133760138910937
"7748","12.10.1990",1738.5,-0.00864814530578026
"7749","11.10.1990",1715.1,-0.0135512845098808
"7750","10.10.1990",1744.3,0.0168819410860538
"7751","09.10.1990",1770.2,0.0147392055106874
"7752","08.10.1990",1815,0.0249929331641745
"7753","05.10.1990",1804.9,-0.00558027912874845
"7754","04.10.1990",1811.6,0.00370524411185598
"7755","03.10.1990",1806,-0.00309597770512801
"7756","02.10.1990",1824.9,0.0104107360178387
"7757","01.10.1990",1821,-0.00213939026716149
"7758","28.09.1990",1774.8,-0.0256980602228536
"7759","27.09.1990",1748.5,-0.0149294630013239
"7760","26.09.1990",1771.3,0.0129554627551205
"7761","25.09.1990",1789.1,0.00999895983722588
"7762","24.09.1990",1771.2,-0.0100554171414046
"7763","21.09.1990",1808.4,0.0207851934660776
"7764","20.09.1990",1810.4,0.00110533889887754
"7765","19.09.1990",1838.9,0.0156197514274799
"7766","18.09.1990",1849.1,0.00553146746613281
"7767","17.09.1990",1846.4,-0.00146123689916
"7768","14.09.1990",1841.4,-0.00271164546003488
"7769","13.09.1990",1852.1,0.00579397857501037
"7770","12.09.1990",1872.5,0.0109543059626187
"7771","11.09.1990",1865.1,-0.00395976544797305
"7772","10.09.1990",1868.4,0.00176777868455142
"7773","07.09.1990",1876.9,0.00453903003425109
"7774","06.09.1990",1861.6,-0.00818514667412226
"7775","05.09.1990",1881.4,0.0105798475497691
"7776","04.09.1990",1872.9,-0.00452814880204297
"7777","31.08.1990",1871.2,-0.000908095465838872
"7778","30.08.1990",1852.8,-0.00988192789129323
"7779","29.08.1990",1879.8,0.014467379807525
"7780","28.08.1990",1863.7,-0.00860162909958165
"7781","27.08.1990",1862.9,-0.000429345790956456
"7782","24.08.1990",1808.6,-0.0295813479892832
"7783","23.08.1990",1785.7,-0.0127425701033007
"7784","22.08.1990",1842.2,0.0311500143510562
"7785","21.08.1990",1870.9,0.0154590889372377
"7786","20.08.1990",1907.7,0.0194787294500987
"7787","17.08.1990",1905.3,-0.00125885146443294
"7788","16.08.1990",1932.1,0.0139680177902989
"7789","15.08.1990",1972.4,0.0206435810826332
"7790","14.08.1990",1967.8,-0.002334907918306
"7791","13.08.1990",1962.8,-0.00254414221591681
"7792","10.08.1990",1947.2,-0.00797958198248557
"7793","09.08.1990",1969.3,0.011285706404888
"7794","08.08.1990",1960.4,-0.00452961560275817
"7795","07.08.1990",1939.8,-0.0105636590759501
"7796","06.08.1990",1938.4,-0.000721984457126361
"7797","03.08.1990",1996.5,0.02953275700096
"7798","02.08.1990",2034,0.0186086501052292
"7799","01.08.1990",2055.3,0.0104175250684579
"7800","31.07.1990",2057.6,0.00111843236633712
"7801","30.07.1990",2053.2,-0.00214070335715222
"7802","27.07.1990",2044.1,-0.00444195688021651
"7803","26.07.1990",2057.1,0.00633962915249681
"7804","25.07.1990",2062.9,0.00281553584053408
"7805","24.07.1990",2056.1,-0.00330177527440656
"7806","23.07.1990",2053.6,-0.00121663396762522
"7807","20.07.1990",2089.9,0.017521867367275
"7808","19.07.1990",2108.2,0.00871828489688319
"7809","18.07.1990",2112.9,0.00222690859838576
"7810","17.07.1990",2119.9,0.00330750632273247
"7811","16.07.1990",2126.7,0.00320256478687463
"7812","13.07.1990",2118.2,-0.0040048111195127
"7813","12.07.1990",2107.6,-0.00501681207443806
"7814","11.07.1990",2084.2,-0.0111647707768036
"7815","10.07.1990",2059.3,-0.0120189693470245
"7816","09.07.1990",2074.9,0.00754684052110296
"7817","06.07.1990",2070.1,-0.0023160444610976
"7818","05.07.1990",2056.1,-0.00678593074675205
"7819","03.07.1990",2078.9,0.0110279231285126
"7820","02.07.1990",2074.8,-0.00197414417582335
"7821","29.06.1990",2066.9,-0.00381486325945494
"7822","28.06.1990",2063.8,-0.0015009565361762
"7823","27.06.1990",2049.9,-0.00675793222677174
"7824","26.06.1990",2035.1,-0.00724605373633962
"7825","25.06.1990",2036.5,0.00068769036996453
"7826","22.06.1990",2053.8,0.00845908767572741
"7827","21.06.1990",2077.6,0.011521645584344
"7828","20.06.1990",2070.8,-0.00327837532079229
"7829","19.06.1990",2068.3,-0.00120799222246832
"7830","18.06.1990",2061.1,-0.00348719295602631
"7831","15.06.1990",2092.1,0.0149285253403509
"7832","14.06.1990",2093.4,0.000621192231181
"7833","13.06.1990",2104.2,0.00514580895340395
"7834","12.06.1990",2111.1,0.00327379126642558
"7835","11.06.1990",2087.5,-0.0112419609156023
"7836","08.06.1990",2073,-0.00697034428923099
"7837","07.06.1990",2095.8,0.0109385086050617
"7838","06.06.1990",2105.8,0.00476010038181763
"7839","05.06.1990",2114,0.00388644500752381
"7840","04.06.1990",2117,0.00141810470468217
"7841","01.06.1990",2093.9,-0.0109716363365943
"7842","31.05.1990",2082.4,-0.00550728111791522
"7843","30.05.1990",2080.4,-0.000960891781438176
"7844","29.05.1990",2078.5,-0.000913703206225324
"7845","25.05.1990",2048.2,-0.014685121051355
"7846","24.05.1990",2066.9,0.00908854157645299
"7847","23.05.1990",2070.9,0.00193339515974937
"7848","22.05.1990",2068,-0.00140133874921982
"7849","21.05.1990",2064.8,-0.00154858722391554
"7850","18.05.1990",2046.6,-0.00885348975174924
"7851","17.05.1990",2045.9,-0.000342089190874125
"7852","16.05.1990",2042.2,-0.00181013234034326
"7853","15.05.1990",2044,0.000881014202157438
"7854","14.05.1990",2047.6,0.00175970325983304
"7855","11.05.1990",2032.7,-0.00730341701851192
"7856","10.05.1990",1989.3,-0.0215821405219847
"7857","09.05.1990",1982.5,-0.00342414353392857
"7858","08.05.1990",1978.4,-0.00207023730179654
"7859","07.05.1990",1971.5,-0.00349376288952459
"7860","04.05.1990",1960.2,-0.00574816548260241
"7861","03.05.1990",1945.3,-0.00763030203130814
"7862","02.05.1990",1938.6,-0.00345014374526374
"7863","01.05.1990",1926.8,-0.00610546730244188
"7864","30.04.1990",1919,-0.00405637874836574
"7865","27.04.1990",1911.1,-0.00412522451276436
"7866","26.04.1990",1931.4,0.0105661360378819
"7867","25.04.1990",1927.6,-0.00196942276663991
"7868","24.04.1990",1919.2,-0.00436727324069284
"7869","23.04.1990",1923.7,0.00234198238665091
"7870","20.04.1990",1946.2,0.0116283384757528
"7871","19.04.1990",1962.2,0.00818753934140174
"7872","18.04.1990",1976.6,0.0073119042127931
"7873","17.04.1990",1997.5,0.0105182016983463
"7874","16.04.1990",1997.8,0.00015017645761963
"7875","12.04.1990",1996.3,-0.000751107919441418
"7876","11.04.1990",1983.3,-0.0065333431709659
"7877","10.04.1990",1983.9,0.000302480341084249
"7878","09.04.1990",1981,-0.00146283665017553
"7879","06.04.1990",1975,-0.00303336936332866
"7880","05.04.1990",1978.9,0.00197273641963567
"7881","04.04.1990",1980.6,0.000858694332344383
"7882","03.04.1990",1993.7,0.00659237976157899
"7883","02.04.1990",1967.6,-0.0131776829275965
"7884","30.03.1990",1975.7,0.00410823999817466
"7885","29.03.1990",1979.1,0.00171942997757533
"7886","28.03.1990",1985.4,0.00317820925868676
"7887","27.03.1990",1981.5,-0.00196627152513184
"7888","26.03.1990",1962.5,-0.00963496297392622
"7889","23.03.1990",1960.9,-0.000815619151092396
"7890","22.03.1990",1953,-0.00403689962879223
"7891","21.03.1990",1975.4,0.0114042575973482
"7892","20.03.1990",1984.8,0.00474724390356433
"7893","19.03.1990",1994.8,0.00502564129437624
"7894","16.03.1990",1987,-0.00391783112015056
"7895","15.03.1990",1968.8,-0.00920174347497082
"7896","14.03.1990",1963.3,-0.0027974891721428
"7897","13.03.1990",1958.8,-0.00229469007654108
"7898","12.03.1990",1972.1,0.00676692398786101
"7899","09.03.1990",1968.6,-0.00177633462091235
"7900","08.03.1990",1981,0.00627913750343992
"7901","07.03.1990",1964.3,-0.00846581995832033
"7902","06.03.1990",1968.5,0.00213588364356156
"7903","05.03.1990",1947.2,-0.0108793881505295
"7904","02.03.1990",1955.8,0.00440687364491207
"7905","01.03.1990",1940.5,-0.00785364506921368
"7906","28.02.1990",1935.7,-0.00247665365746092
"7907","27.02.1990",1926.1,-0.00497178506132342
"7908","26.02.1990",1916.6,-0.00494445018051491
"7909","23.02.1990",1896.4,-0.0105954308816985
"7910","22.02.1990",1906.2,0.00515437947556222
"7911","21.02.1990",1914.6,0.00439699200872726
"7912","20.02.1990",1917.8,0.00166997220732791
"7913","16.02.1990",1942.9,0.0130030065294864
"7914","15.02.1990",1953,0.00518494962761167
"7915","14.02.1990",1937.2,-0.00812302034760484
"7916","13.02.1990",1933.4,-0.00196352049856904
"7917","12.02.1990",1930.2,-0.00165648655746946
"7918","09.02.1990",1949.7,0.0100518900953772
"7919","08.02.1990",1946.5,-0.00164262651790253
"7920","07.02.1990",1948.8,0.00118091046506739
"7921","06.02.1990",1927.9,-0.0107824709101547
"7922","05.02.1990",1938.7,0.00558631773973864
"7923","02.02.1990",1932.3,-0.00330664212420708
"7924","01.02.1990",1919.3,-0.00675046700912229
"7925","31.01.1990",1919.1,-0.000104210087630819
"7926","30.01.1990",1886.7,-0.0170270549066342
"7927","29.01.1990",1900.4,0.00723511909519888
"7928","26.01.1990",1905.5,0.0026800510011485
"7929","25.01.1990",1909.7,0.00220172032745346
"7930","24.01.1990",1931.2,0.0111954097018987
"7931","23.01.1990",1941.3,0.00521628038806293
"7932","22.01.1990",1937.1,-0.00216584243079913
"7933","19.01.1990",1983.2,0.0235196924204499
"7934","18.01.1990",1978,-0.0026254685383233
"7935","17.01.1990",1975.8,-0.00111285357228383
"7936","16.01.1990",1991.8,0.00806537288716549
"7937","15.01.1990",1974.2,-0.00887549951375147
"7938","12.01.1990",1991.2,0.00857421906959455
"7939","11.01.1990",2038.4,0.0234277143244619
"7940","10.01.1990",2031.4,-0.00343997587244342
"7941","09.01.1990",2044.4,0.00637913738872375
"7942","08.01.1990",2065.4,0.0102195643431792
"7943","05.01.1990",2058.1,-0.00354068515888927
"7944","04.01.1990",2075.5,0.00841886141467901
"7945","03.01.1990",2091.5,0.00767942338915975
"7946","02.01.1990",2093.6,0.00100356033368289
"7947","29.12.1989",2062.3,-0.0150632074059347
"7948","28.12.1989",2047,-0.00744655814871185
"7949","27.12.1989",2037.4,-0.0047008215053235
"7950","26.12.1989",2027.2,-0.00501895458909142
"7951","22.12.1989",2029.6,0.00118319871819739
"7952","21.12.1989",2014.3,-0.00756698880069368
"7953","20.12.1989",2004.1,-0.00507665832499569
"7954","19.12.1989",2002.7,-0.000698812048004683
"7955","18.12.1989",2010.8,0.00403638270704231
"7956","15.12.1989",2045.5,0.0171096055510331
"7957","14.12.1989",2040.8,-0.00230037054185164
"7958","13.12.1989",2062,0.0103344977493035
"7959","12.12.1989",2056,-0.00291403800184953
"7960","11.12.1989",2038.9,-0.00835190085212706
"7961","08.12.1989",2039.9,0.000490340305990092
"7962","07.12.1989",2034.2,-0.0027981658374229
"7963","06.12.1989",2038.8,0.00225877827439072
"7964","05.12.1989",2042.7,0.00191106269114404
"7965","04.12.1989",2052,0.00454246513362954
"7966","01.12.1989",2047.7,-0.00209771523614559
"7967","30.11.1989",2022.8,-0.0122345218486866
"7968","29.11.1989",2011.7,-0.00550255447130176
"7969","28.11.1989",2023.2,0.00570028062122929
"7970","27.11.1989",2021,-0.00108797795213442
"7971","24.11.1989",2012.1,-0.00441348562981983
"7972","22.11.1989",2000.7,-0.00568183346743083
"7973","21.11.1989",1988.4,-0.00616682408585276
"7974","20.11.1989",1988.2,-0.000100588442472821
"7975","17.11.1989",2001.4,0.006617228878311
"7976","16.11.1989",1995.8,-0.00280196320614362
"7977","15.11.1989",1995.9,5.01039657393921e-05
"7978","14.11.1989",1982.7,-0.00663552427143468
"7979","13.11.1989",1990.2,0.00377558403654495
"7980","10.11.1989",1986.8,-0.0017098319478663
"7981","09.11.1989",1964.1,-0.0114911791180401
"7982","08.11.1989",1982.4,0.00927410675972268
"7983","07.11.1989",1964,-0.0093250219604669
"7984","06.11.1989",1953.7,-0.00525819931682139
"7985","03.11.1989",1980.3,0.0135233377652449
"7986","02.11.1989",1984.1,0.00191706243758987
"7987","01.11.1989",1996.7,0.00633040699242729
"7988","31.10.1989",1990.4,-0.00316019424799162
"7989","30.10.1989",1962.4,-0.0141674096005808
"7990","27.10.1989",1962.5,5.09567122838621e-05
"7991","26.10.1989",1979.6,0.00867563342116752
"7992","25.10.1989",2003.9,0.0122004776823673
"7993","24.10.1989",2009.5,0.00279065312915756
"7994","23.10.1989",2018.5,0.00446872640373961
"7995","20.10.1989",2031.4,0.0063705492124054
"7996","19.10.1989",2031.9,0.000246105383566809
"7997","18.10.1989",2001.8,-0.0149245401040492
"7998","17.10.1989",1997.3,-0.00225050731379234
"7999","16.10.1989",2006.5,0.0045956422358453
"8000","13.10.1989",1962.1,-0.0223765824809156
"8001","12.10.1989",2082.8,0.0596978140626883
"8002","11.10.1989",2091.6,0.00421618102523144
"8003","10.10.1989",2104.2,0.00600602406021173
"8004","09.10.1989",2107.8,0.0017094021256491
"8005","06.10.1989",2103.5,-0.0020421254692609
"8006","05.10.1989",2094.1,-0.00447875724846907
"8007","04.10.1989",2093.4,-0.000334328361323034
"8008","03.10.1989",2081.3,-0.00579683995657767
"8009","02.10.1989",2060.8,-0.00989844155417131
"8010","29.09.1989",2051,-0.00476677783765393
"8011","28.09.1989",2046.6,-0.00214759941972557
"8012","27.09.1989",2028.3,-0.00898187588791318
"8013","26.09.1989",2024.6,-0.00182585360009063
"8014","25.09.1989",2022.5,-0.00103778023200448
"8015","22.09.1989",2037.9,0.00758549593271925
"8016","21.09.1989",2031.8,-0.00299776620792148
"8017","20.09.1989",2034.9,0.00152457796269913
"8018","19.09.1989",2035,4.91412565516785e-05
"8019","18.09.1989",2034.7,-0.000147431014838082
"8020","15.09.1989",2025.8,-0.00438370360916042
"8021","14.09.1989",2019.1,-0.00331281669636835
"8022","13.09.1989",2033.2,0.00695903901641899
"8023","12.09.1989",2043.8,0.00519991360536109
"8024","11.09.1989",2043.9,4.89272696235102e-05
"8025","08.09.1989",2050.8,0.00337021346181338
"8026","07.09.1989",2049,-0.000878091670645822
"8027","06.09.1989",2053.2,0.00204768244724823
"8028","05.09.1989",2070.8,0.00853545434159837
"8029","01.09.1989",2076.4,0.00270061892532771
"8030","31.08.1989",2064.7,-0.00565068756224042
"8031","30.08.1989",2060.9,-0.00184215681337073
"8032","29.08.1989",2056.3,-0.00223452924998997
"8033","28.08.1989",2066.6,0.00499649345278166
"8034","25.08.1989",2059.7,-0.00334440366982263
"8035","24.08.1989",2064.9,0.00252145796199632
"8036","23.08.1989",2028.5,-0.0177851954259263
"8037","22.08.1989",2010.2,-0.0090623840558624
"8038","21.08.1989",2008.7,-0.000746472950136935
"8039","18.08.1989",2036.9,0.0139412975795923
"8040","17.08.1989",2029.6,-0.00359031493502271
"8041","16.08.1989",2036.9,0.00359031493502276
"8042","15.08.1989",2031,-0.00290076163971016
"8043","14.08.1989",2023.5,-0.00369959726446446
"8044","11.08.1989",2033,0.00468384931242644
"8045","10.08.1989",2051,0.00881494444403405
"8046","09.08.1989",2042.8,-0.00400606329889179
"8047","08.08.1989",2053.7,0.00532162857255854
"8048","07.08.1989",2053.3,-0.000194789384594302
"8049","04.08.1989",2026.3,-0.0132367850901696
"8050","03.08.1989",2031.1,0.00236604832615649
"8051","02.08.1989",2027.8,-0.0016260566789606
"8052","01.08.1989",2023.6,-0.00207335810069843
"8053","31.07.1989",2034.5,0.00537198502396358
"8054","30.07.1989",2034.5,0
"8055","28.07.1989",2013,-0.0106239418019532
"8056","27.07.1989",2011.3,-0.000844867480616137
"8057","26.07.1989",1989.3,-0.0109984611162436
"8058","25.07.1989",1967.8,-0.0108666506112665
"8059","24.07.1989",1967,-0.000406628042606032
"8060","21.07.1989",1978.9,0.00603159536579897
"8061","20.07.1989",1967.9,-0.00557415044181392
"8062","19.07.1989",1978.3,0.00527090572100215
"8063","18.07.1989",1955.2,-0.0117454000567701
"8064","17.07.1989",1960.1,0.00250300235395315
"8065","14.07.1989",1956.8,-0.00168500639832152
"8066","13.07.1989",1948.8,-0.00409668741733001
"8067","12.07.1989",1947.2,-0.000821355282315104
"8068","11.07.1989",1941.6,-0.00288006782087117
"8069","10.07.1989",1931.8,-0.00506016466719605
"8070","07.07.1989",1919.8,-0.00623119681575893
"8071","06.07.1989",1892.9,-0.0141109693172627
"8072","05.07.1989",1895.3,0.00126709272008063
"8073","03.07.1989",1887.5,-0.00412393520907464
"8074","30.06.1989",1881.1,-0.00339649002420487
"8075","29.06.1989",1890.1,0.00477302560793583
"8076","28.06.1989",1923,0.0172567288818692
"8077","27.06.1989",1936.9,0.0072022902594139
"8078","26.06.1989",1926.5,-0.00538387178198126
"8079","23.06.1989",1933.5,0.00362694698113958
"8080","22.06.1989",1903.8,-0.0154799432301469
"8081","21.06.1989",1894.6,-0.00484415437577084
"8082","20.06.1989",1897.9,0.00174027730144005
"8083","19.06.1989",1901.1,0.00168465425470685
"8084","16.06.1989",1898.9,-0.0011578948662098
"8085","15.06.1989",1892.4,-0.00342890637437815
"8086","14.06.1989",1912.1,0.0103562497419207
"8087","13.06.1989",1913.2,0.000575118307228127
"8088","12.06.1989",1925.7,0.00651230517970029
"8089","09.06.1989",1928.3,0.00134924773971705
"8090","08.06.1989",1928.5,0.000103712922723243
"8091","07.06.1989",1928,-0.000259302477791576
"8092","06.06.1989",1913.1,-0.00775823318115537
"8093","05.06.1989",1902.1,-0.00576642403054032
"8094","02.06.1989",1919,0.00884567804890465
"8095","01.06.1989",1899.4,-0.0102661701988477
"8096","31.05.1989",1891.1,-0.004379376475625
"8097","30.05.1989",1883.3,-0.00413311313252571
"8098","26.05.1989",1896,0.00672084661426565
"8099","25.05.1989",1882.7,-0.00703948708430097
"8100","24.05.1989",1881.8,-0.000478151158000873
"8101","23.05.1989",1878,-0.00202138480445697
"8102","22.05.1989",1896.4,0.00974997125975512
"8103","19.05.1989",1891.8,-0.0024285952488932
"8104","18.05.1989",1874.6,-0.00913345346668471
"8105","17.05.1989",1871.3,-0.0017619268286426
"8106","16.05.1989",1860.1,-0.00600312678083768
"8107","15.05.1989",1863.6,0.00187985123973653
"8108","12.05.1989",1851.8,-0.00635196192869494
"8109","11.05.1989",1815.6,-0.0197421474316362
"8110","10.05.1989",1809.5,-0.00336542757851332
"8111","09.05.1989",1806,-0.00193610902686644
"8112","08.05.1989",1810.9,0.00270950427036612
"8113","05.05.1989",1820.2,0.00512242589595859
"8114","04.05.1989",1820.9,0.000384499194542305
"8115","03.05.1989",1822.4,0.000823429355120142
"8116","02.05.1989",1822.6,0.000109739369108695
"8117","01.05.1989",1827.3,0.00257541444852223
"8118","28.04.1989",1830.6,0.00180431444013023
"8119","27.04.1989",1829.9,-0.000382461417037314
"8120","26.04.1989",1816,-0.00762504037240293
"8121","25.04.1989",1814.4,-0.000881445627805654
"8122","24.04.1989",1823.9,0.0052222310365191
"8123","21.04.1989",1828.2,0.00235481064976645
"8124","20.04.1989",1811.3,-0.00928705672084748
"8125","19.04.1989",1815.5,0.00231609235551959
"8126","18.04.1989",1809.5,-0.0033103478505934
"8127","17.04.1989",1787.5,-0.0122325684356344
"8128","14.04.1989",1785.8,-0.000951501485046747
"8129","13.04.1989",1760.9,-0.0140414521163836
"8130","12.04.1989",1771.5,0.0060016033387942
"8131","11.04.1989",1771.9,0.000225771858497134
"8132","10.04.1989",1764.7,-0.00407171291483621
"8133","07.04.1989",1765.1,0.000226641737045764
"8134","06.04.1989",1755.4,-0.005510594828216
"8135","05.04.1989",1760,0.00261705787418025
"8136","04.04.1989",1754.7,-0.0030159069151076
"8137","03.04.1989",1759.8,0.00290226409437041
"8138","31.03.1989",1751.3,-0.00484179693284163
"8139","30.03.1989",1738.1,-0.00756580670918449
"8140","29.03.1989",1736.7,-0.000805801816365476
"8141","28.03.1989",1732.8,-0.00224816350634251
"8142","27.03.1989",1726.9,-0.00341070365610174
"8143","23.03.1989",1719.7,-0.00417803660047053
"8144","22.03.1989",1727.8,0.00469906593462995
"8145","21.03.1989",1732,0.00242788719759671
"8146","20.03.1989",1724.9,-0.00410773235179719
"8147","17.03.1989",1741.1,0.00934801960196952
"8148","16.03.1989",1777.4,0.0206345249318221
"8149","15.03.1989",1762.3,-0.00853184823405119
"8150","14.03.1989",1754.5,-0.00443585804705386
"8151","13.03.1989",1755.2,0.000398894497695982
"8152","10.03.1989",1743.1,-0.00691767330014606
"8153","09.03.1989",1748.5,0.00309314028261083
"8154","08.03.1989",1749.4,0.00051459448232412
"8155","07.03.1989",1747.6,-0.0010294539084738
"8156","06.03.1989",1751.3,0.00211495120133791
"8157","03.03.1989",1733,-0.0105043585630126
"8158","02.03.1989",1725.7,-0.00422124546207277
"8159","01.03.1989",1710.2,-0.00902244253167828
"8160","28.02.1989",1718.1,0.00460870634606622
"8161","27.02.1989",1712.4,-0.00332313379713019
"8162","24.02.1989",1710,-0.00140252477408555
"8163","23.02.1989",1735,0.014514042884254
"8164","22.02.1989",1729.3,-0.0032907110490831
"8165","21.02.1989",1755.9,0.0152648436334086
"8166","17.02.1989",1760,0.00233226306691249
"8167","16.02.1989",1750.1,-0.00564087989008584
"8168","15.02.1989",1746.9,-0.00183014063092768
"8169","14.02.1989",1733.5,-0.00770030238610584
"8170","13.02.1989",1735.7,0.00126830410175778
"8171","10.02.1989",1734.2,-0.000864578283775915
"8172","09.02.1989",1756.6,0.0128339105399568
"8173","08.02.1989",1773.1,0.00934930457992589
"8174","07.02.1989",1776.6,0.00197199827265782
"8175","06.02.1989",1757.3,-0.0109228851348001
"8176","03.02.1989",1760.5,0.00181931939430677
"8177","02.02.1989",1758.9,-0.000909245956828078
"8178","01.02.1989",1760.2,0.000738825301432257
"8179","31.01.1989",1761.9,0.000965333256872109
"8180","30.01.1989",1748.5,-0.00763449469315301
"8181","27.01.1989",1742.3,-0.00355219807457088
"8182","26.01.1989",1729.9,-0.00714247607592786
"8183","25.01.1989",1716.4,-0.00783452923556208
"8184","24.01.1989",1712.8,-0.00209961584189667
"8185","23.01.1989",1693.2,-0.0115092286287043
"8186","20.01.1989",1704.1,0.00641688246657829
"8187","19.01.1989",1705,0.000527998604270144
"8188","18.01.1989",1702.5,-0.00146735169394973
"8189","17.01.1989",1686.3,-0.00956097934752853
"8190","16.01.1989",1689.5,0.00189584747820571
"8191","13.01.1989",1687.4,-0.00124374442281824
"8192","12.01.1989",1684,-0.00201696692925438
"8193","11.01.1989",1677.5,-0.00386732595643522
"8194","10.01.1989",1669.1,-0.00502003086146507
"8195","09.01.1989",1672.2,0.00185556573158587
"8196","06.01.1989",1670.2,-0.00119674499682843
"8197","05.01.1989",1665.3,-0.00293809235490386
"8198","04.01.1989",1660.7,-0.00276608715151786
"8199","03.01.1989",1638.7,-0.013335955660529
"8200","30.12.1988",1652.3,0.0082650121047666
"8201","29.12.1988",1659,0.00404675453349942
"8202","28.12.1988",1647.5,-0.00695602381378222
"8203","27.12.1988",1645.1,-0.00145781475128769
"8204","23.12.1988",1650.1,0.00303471949338446
"8205","22.12.1988",1644.2,-0.0035819484007261
"8206","21.12.1988",1646.7,0.0015193415059202
"8207","20.12.1988",1646.8,6.07256717963076e-05
"8208","19.12.1988",1653.5,0.00406024252609787
"8209","16.12.1988",1640.6,-0.00783222485319799
"8210","15.12.1988",1630.2,-0.00635932190829239
"8211","14.12.1988",1636,0.00355153150233517
"8212","13.12.1988",1641.5,0.00335621977895506
"8213","12.12.1988",1642.5,0.000609013417118264
"8214","09.12.1988",1645.2,0.00164248599750341
"8215","08.12.1988",1642.8,-0.00145985427386552
"8216","07.12.1988",1651,0.00497906183772443
"8217","06.12.1988",1647.2,-0.0023042882065483
"8218","05.12.1988",1633.4,-0.00841314478940438
"8219","02.12.1988",1618,-0.00947291330573834
"8220","01.12.1988",1621.7,0.00228416310689176
"8221","30.11.1988",1627.3,0.00344721794123999
"8222","29.11.1988",1611.8,-0.00957063277615776
"8223","28.11.1988",1599.3,-0.00778553339358593
"8224","25.11.1988",1592.7,-0.00413534423908948
"8225","23.11.1988",1601,0.00519774473897926
"8226","22.11.1988",1591.9,-0.00570016263562445
"8227","21.11.1988",1587.1,-0.0030198198475775
"8228","18.11.1988",1588,0.000566911293568174
"8229","17.11.1988",1578,-0.00631714040126146
"8230","16.11.1988",1575.1,-0.0018394600981298
"8231","15.11.1988",1600.1,0.0157473649671391
"8232","14.11.1988",1597.1,-0.00187664261256523
"8233","11.11.1988",1599.2,0.00131401952392668
"8234","10.11.1988",1629.3,0.0186469705227189
"8235","09.11.1988",1627.5,-0.0011053796261849
"8236","08.11.1988",1637.2,0.00594237053552357
"8237","07.11.1988",1631.3,-0.00361022267599105
"8238","04.11.1988",1646.3,0.00915310271171924
"8239","03.11.1988",1660.9,0.00882927845097701
"8240","02.11.1988",1660.1,-0.000481782604922867
"8241","01.11.1988",1659.9,-0.000120481927856483
"8242","31.10.1988",1659.4,-0.000301268341988792
"8243","28.10.1988",1657.9,-0.000904349984765362
"8244","27.10.1988",1651.3,-0.00398888477647692
"8245","26.10.1988",1674.6,0.0140114743013887
"8246","25.10.1988",1679.8,0.00310040792119519
"8247","24.10.1988",1679.6,-0.000119068881488571
"8248","21.10.1988",1685.7,0.00362523797622413
"8249","20.10.1988",1681.3,-0.0026136041013797
"8250","19.10.1988",1651.4,-0.0179438907015542
"8251","18.10.1988",1663.5,0.0073004034752032
"8252","17.10.1988",1648.1,-0.00930070721839713
"8253","14.10.1988",1643.8,-0.0026124745257347
"8254","13.10.1988",1642.5,-0.000791163355633996
"8255","12.10.1988",1636.5,-0.0036596564175304
"8256","11.10.1988",1657.6,0.0128109581239287
"8257","10.10.1988",1659.7,0.00126609006150917
"8258","07.10.1988",1658.1,-0.000964494619346215
"8259","06.10.1988",1627.6,-0.018565831379792
"8260","05.10.1988",1624.3,-0.00202958340218474
"8261","04.10.1988",1617,-0.00450437314824319
"8262","03.10.1988",1620.2,0.00197701781928401
"8263","30.09.1988",1623.8,0.00221948303195522
"8264","29.09.1988",1626,0.00135392967940976
"8265","28.09.1988",1607.5,-0.0114428339959815
"8266","27.09.1988",1603.4,-0.0025538025029231
"8267","26.09.1988",1606.8,0.0021182488762758
"8268","23.09.1988",1611.2,0.00273461947917078
"8269","22.09.1988",1608.1,-0.00192588510431897
"8270","21.09.1988",1614,0.00366221196991521
"8271","20.09.1988",1611.9,-0.00130196242700862
"8272","19.09.1988",1606.4,-0.00341795690547546
"8273","16.09.1988",1615.6,0.00571075419184757
"8274","15.09.1988",1603,-0.00782953107970478
"8275","14.09.1988",1608.6,0.00348736186041571
"8276","13.09.1988",1598.2,-0.00648623952960608
"8277","12.09.1988",1592.7,-0.00344730668262692
"8278","09.09.1988",1594.9,0.00138034907097301
"8279","08.09.1988",1590.9,-0.00251114451751444
"8280","07.09.1988",1590.1,-0.000502986492842811
"8281","06.09.1988",1588.2,-0.0011956078572406
"8282","02.09.1988",1582.5,-0.00359542444277939
"8283","01.09.1988",1550.9,-0.020170467452924
"8284","31.08.1988",1568,0.010965514344946
"8285","30.08.1988",1571.9,0.00248415682383908
"8286","29.08.1988",1570.7,-0.000763698885205677
"8287","26.08.1988",1556.9,-0.00882471515335782
"8288","25.08.1988",1553.7,-0.00205748159767339
"8289","24.08.1988",1564.2,0.00673532806955556
"8290","23.08.1988",1543.1,-0.013581131090352
"8291","22.08.1988",1543.1,0
"8292","19.08.1988",1560.1,0.0109565416760445
"8293","18.08.1988",1562.9,0.00179314809494429
"8294","17.08.1988",1561.1,-0.00115236888552709
"8295","16.08.1988",1559.5,-0.00102544391476288
"8296","15.08.1988",1549.9,-0.00617484434485279
"8297","12.08.1988",1570.5,0.0132036272756962
"8298","11.08.1988",1571.3,0.000509262217384858
"8299","10.08.1988",1567.3,-0.00254890853606363
"8300","09.08.1988",1593,0.016264637250026
"8301","08.08.1988",1612.7,0.0122907620764215
"8302","05.08.1988",1618.7,0.0037135649534448
"8303","04.08.1988",1623.6,0.0030225480248277
"8304","03.08.1988",1628.7,0.00313624461477246
"8305","02.08.1988",1623.5,-0.00319783803661448
"8306","01.08.1988",1623.3,-0.000123198226101359
"8307","29.07.1988",1621.5,-0.00110946756942658
"8308","28.07.1988",1590.3,-0.0194289690855026
"8309","27.07.1988",1572.7,-0.0111287901651903
"8310","26.07.1988",1586.4,0.00867341070890657
"8311","25.07.1988",1583.3,-0.00195602169819786
"8312","22.07.1988",1578.1,-0.00328968475330147
"8313","21.07.1988",1595.6,0.0110282492771644
"8314","20.07.1988",1613.1,0.0109079524524905
"8315","19.07.1988",1605.1,-0.00497173356456998
"8316","18.07.1988",1616,0.0067679001618687
"8317","15.07.1988",1624.7,0.005369223254664
"8318","14.07.1988",1615.2,-0.00586439533707688
"8319","13.07.1988",1610.1,-0.00316249914773498
"8320","12.07.1988",1603.2,-0.00429465696034712
"8321","11.07.1988",1618,0.00918918672789139
"8322","08.07.1988",1615.8,-0.00136062857282885
"8323","07.07.1988",1624.3,0.00524676367974197
"8324","06.07.1988",1625.8,0.000923048587121913
"8325","05.07.1988",1645,0.0117403818870004
"8326","01.07.1988",1625,-0.0122325684356344
"8327","30.06.1988",1633.3,0.00509469229525567
"8328","29.06.1988",1619.2,-0.00867030796594715
"8329","28.06.1988",1625.9,0.00412930850836309
"8330","27.06.1988",1609.5,-0.0101379368626466
"8331","24.06.1988",1634.3,0.0152910063601494
"8332","23.06.1988",1639.3,0.00305474333339824
"8333","22.06.1988",1642.6,0.00201103087368125
"8334","21.06.1988",1620.8,-0.013360497811673
"8335","20.06.1988",1606.8,-0.00867523100929181
"8336","17.06.1988",1616.1,0.0057712158694707
"8337","16.06.1988",1611.9,-0.00260223195171214
"8338","15.06.1988",1635.4,0.0144738153249913
"8339","14.06.1988",1633.8,-0.000978832820108076
"8340","13.06.1988",1618,-0.00971777128933186
"8341","10.06.1988",1616.6,-0.000865640318693086
"8342","09.06.1988",1611,-0.00347007412276953
"8343","08.06.1988",1616.4,0.00334635002734439
"8344","07.06.1988",1582.7,-0.0210692048650812
"8345","06.06.1988",1591.9,0.00579602202185274
"8346","03.06.1988",1589.3,-0.00163460365831641
"8347","02.06.1988",1582.6,-0.004224603527681
"8348","01.06.1988",1589.7,0.0044762549917332
"8349","31.05.1988",1565.3,-0.0154678202726489
"8350","27.05.1988",1519,-0.0300252752984044
"8351","26.05.1988",1525.1,0.00400775806636514
"8352","25.05.1988",1520.2,-0.00321807653019792
"8353","24.05.1988",1517.7,-0.00164587416593994
"8354","23.05.1988",1503.7,-0.00926729343772567
"8355","20.05.1988",1515.2,0.00761870590353939
"8356","19.05.1988",1512.2,-0.00198189930764428
"8357","18.05.1988",1506.9,-0.00351098370006078
"8358","17.05.1988",1529.5,0.0148863241668493
"8359","16.05.1988",1546,0.0107300655564092
"8360","13.05.1988",1536.4,-0.00622893267561749
"8361","12.05.1988",1520.3,-0.0105343336849596
"8362","11.05.1988",1517.1,-0.00210706603274329
"8363","10.05.1988",1541.1,0.0156958293872848
"8364","09.05.1988",1536.2,-0.00318461257675022
"8365","06.05.1988",1542.5,0.00409264221496132
"8366","05.05.1988",1549.2,0.00433419186105432
"8367","04.05.1988",1557.5,0.00534330302101099
"8368","03.05.1988",1570.9,0.00856673184428602
"8369","02.05.1988",1563.1,-0.00497767460446874
"8370","29.04.1988",1563.5,0.000255868996470475
"8371","28.04.1988",1568.4,0.00312909352028066
"8372","27.04.1988",1574.8,0.00407228865140588
"8373","26.04.1988",1574.8,0
"8374","25.04.1988",1567.1,-0.00490150254041215
"8375","22.04.1988",1554.7,-0.00794417657347516
"8376","21.04.1988",1535.7,-0.0122962978240478
"8377","20.04.1988",1534.6,-0.000716542388082478
"8378","19.04.1988",1545.6,0.00714242371468878
"8379","18.04.1988",1551.9,0.00406780221932575
"8380","15.04.1988",1554.3,0.00154529681127313
"8381","14.04.1988",1555.8,0.000964599283821442
"8382","13.04.1988",1619.9,0.0403745361534186
"8383","12.04.1988",1619.8,-6.17341112028646e-05
"8384","11.04.1988",1612.2,-0.00470297896538889
"8385","08.04.1988",1607.5,-0.00291952873772607
"8386","07.04.1988",1589,-0.0115752895750584
"8387","06.04.1988",1583.5,-0.00346730055802144
"8388","05.04.1988",1546.8,-0.0234493062455526
"8389","04.04.1988",1535,-0.00765789971184448
"8390","31.03.1988",1550.1,0.00978906393995103
"8391","30.03.1988",1546.1,-0.00258381385269976
"8392","29.03.1988",1556.7,0.00683256493325472
"8393","28.03.1988",1544.9,-0.00760901272379964
"8394","27.03.1988",1549.9,0.00323122938500113
"8395","25.03.1988",1549.9,0
"8396","24.03.1988",1575.5,0.0163822694943242
"8397","23.03.1988",1605.3,0.0187379727880393
"8398","22.03.1988",1602.1,-0.00199538633270008
"8399","21.03.1988",1601.6,-0.000312139091712497
"8400","18.03.1988",1614.1,0.00777439621827781
"8401","17.03.1988",1614.4,0.000185844820110579
"8402","16.03.1988",1599.6,-0.00920977262668138
"8403","15.03.1988",1585.9,-0.00860152846810803
"8404","14.03.1988",1586.7,0.000504318235488667
"8405","11.03.1988",1580.2,-0.004104966451411
"8406","10.03.1988",1574.6,-0.00355014953826614
"8407","09.03.1988",1601.7,0.0170642934238835
"8408","08.03.1988",1603.2,0.000936066716295537
"8409","07.03.1988",1591.7,-0.0071990044547369
"8410","04.03.1988",1590.6,-0.000691323912773934
"8411","03.03.1988",1593.5,0.0018215513343564
"8412","02.03.1988",1593.3,-0.000125517760927945
"8413","01.03.1988",1588,-0.00333197428938215
"8414","29.02.1988",1590.9,0.00182453100411309
"8415","26.02.1988",1561.7,-0.0185249223173938
"8416","25.02.1988",1557.5,-0.00269299983219191
"8417","24.02.1988",1570.6,0.0083757402791661
"8418","23.02.1988",1572.6,0.00127258861664137
"8419","22.02.1988",1575.1,0.0015884617502742
"8420","19.02.1988",1553.9,-0.0135508625150012
"8421","18.02.1988",1534.7,-0.0124329776116393
"8422","17.02.1988",1540.8,0.00396683986281182
"8423","16.02.1988",1543.3,0.00162121886292463
"8424","12.02.1988",1531.7,-0.00754475123627741
"8425","11.02.1988",1522.5,-0.00602450908645623
"8426","10.02.1988",1525.2,0.00177182839935662
"8427","09.02.1988",1497.6,-0.0182617222600812
"8428","08.02.1988",1483.9,-0.00919006971124674
"8429","05.02.1988",1494.6,0.00718485548410898
"8430","04.02.1988",1500.3,0.0038064755967781
"8431","03.02.1988",1501.2,0.000599700167898112
"8432","02.02.1988",1518.5,0.0114582172249377
"8433","01.02.1988",1515.5,-0.00197758798794564
"8434","29.01.1988",1524,0.0055930397487338
"8435","28.01.1988",1503.8,-0.0133432193026651
"8436","27.01.1988",1482.8,-0.0140630456673493
"8437","26.01.1988",1483.1,0.00020229947133968
"8438","25.01.1988",1496.3,0.0088609024414569
"8439","22.01.1988",1466.5,-0.020116784771868
"8440","21.01.1988",1448.3,-0.0124881546106951
"8441","20.01.1988",1445.6,-0.00186599452879195
"8442","19.01.1988",1481.7,0.0246656169366702
"8443","18.01.1988",1493.4,0.0078653223869124
"8444","15.01.1988",1492.6,-0.000535833904314364
"8445","14.01.1988",1458.9,-0.0228368386194372
"8446","13.01.1988",1458.7,-0.000137098985682277
"8447","12.01.1988",1456.4,-0.0015779907908891
"8448","11.01.1988",1467.7,0.00772891231587469
"8449","08.01.1988",1448.9,-0.0128919017904765
"8450","07.01.1988",1542.6,0.0626646566732221
"8451","06.01.1988",1531.3,-0.00735225667873671
"8452","05.01.1988",1528.3,-0.00196104128737138
"8453","04.01.1988",1511,-0.0113843232610511
"8454","31.12.1987",1461.6,-0.0332399572089427
"8455","30.12.1987",1464.7,0.00211871726046468
"8456","29.12.1987",1446.9,-0.0122271065812255
"8457","28.12.1987",1453.9,0.00482626419434408
"8458","24.12.1987",1489.3,0.0240566099544419
"8459","23.12.1987",1494.7,0.00361930689994703
"8460","22.12.1987",1475.5,-0.0129286024087747
"8461","21.12.1987",1474.9,-0.000406724517537431
"8462","18.12.1987",1471.3,-0.00244382716155544
"8463","17.12.1987",1438.2,-0.0227540320355076
"8464","16.12.1987",1462.8,0.0169600756068323
"8465","15.12.1987",1433.9,-0.0199544025542325
"8466","14.12.1987",1430.2,-0.00258371010669796
"8467","11.12.1987",1393.5,-0.0259957266922928
"8468","10.12.1987",1385.9,-0.00546881984724606
"8469","09.12.1987",1412.2,0.0187990240074897
"8470","08.12.1987",1389.6,-0.0161328361553514
"8471","07.12.1987",1355.9,-0.0245504954586316
"8472","04.12.1987",1331.3,-0.0183095320303921
"8473","03.12.1987",1343,0.00875000908536602
"8474","02.12.1987",1387.4,0.0325255744279634
"8475","01.12.1987",1379.9,-0.00542045919369217
"8476","30.11.1987",1371.3,-0.00625183775170047
"8477","27.11.1987",1429.2,0.0413556521434465
"8478","25.11.1987",1447.5,0.0127230832978955
"8479","24.11.1987",1458.4,0.00750201391730306
"8480","23.11.1987",1439.4,-0.0131135842907494
"8481","20.11.1987",1433.4,-0.00417711551388507
"8482","19.11.1987",1424.5,-0.00622836962185594
"8483","18.11.1987",1454.7,0.0209788188414534
"8484","17.11.1987",1440.3,-0.00994826857441194
"8485","16.11.1987",1460.9,0.014201258933464
"8486","13.11.1987",1454.9,-0.00411551441712541
"8487","12.11.1987",1468.5,0.00930430191733175
"8488","11.11.1987",1432.3,-0.0249599278528553
"8489","10.11.1987",1417.5,-0.0103867871839122
"8490","09.11.1987",1441.7,0.016928216215951
"8491","06.11.1987",1480.8,0.0267595094414295
"8492","05.11.1987",1499.5,0.012549236929776
"8493","04.11.1987",1470.9,-0.0192572608637665
"8494","03.11.1987",1481.5,0.00718062968832271
"8495","02.11.1987",1509.3,0.0185908791517626
"8496","30.10.1987",1488.8,-0.0136755408373416
"8497","29.10.1987",1441,-0.0326331093285189
"8498","28.10.1987",1377.9,-0.0447767159996646
"8499","27.10.1987",1380,0.00152289815139291
"8500","26.10.1987",1352.2,-0.0203506034946728
"8501","23.10.1987",1472.1,0.0849570571073899
"8502","22.10.1987",1474.5,0.00162899649136363
"8503","21.10.1987",1533.4,0.0391685428694632
"8504","20.10.1987",1406.7,-0.0862409563611438
"8505","19.10.1987",1360,-0.0337618360335527
"8506","16.10.1987",1682.6,0.212855516386615
"8507","15.10.1987",1770.6,0.0509782560602355
"8508","14.10.1987",1810.9,0.0225054870703481
"8509","13.10.1987",1861.2,0.0273974817231966
"8510","12.10.1987",1834.8,-0.0142859572474765
"8511","09.10.1987",1846.6,0.00641062661551048
"8512","08.10.1987",1864.4,0.00959317516005845
"8513","07.10.1987",1887.9,0.0125258147024117
"8514","06.10.1987",1892.5,0.00243360611060629
"8515","05.10.1987",1939.7,0.0246346156126423
"8516","02.10.1987",1939.5,-0.000103114044224225
"8517","01.10.1987",1934.7,-0.00247793219558047
"8518","30.09.1987",1905.8,-0.0150504077703536
"8519","29.09.1987",1903.9,-0.000997453950456981
"8520","28.09.1987",1911.2,0.00382690304796901
"8521","25.09.1987",1894.2,-0.00893473121959876
"8522","24.09.1987",1891.2,-0.0015850375802219
"8523","23.09.1987",1902.5,0.0059572625240618
"8524","22.09.1987",1887.1,-0.00812755160079095
"8525","21.09.1987",1842.5,-0.0239179140715583
"8526","18.09.1987",1864.8,0.0120304636580557
"8527","17.09.1987",1866.1,0.000696882817878658
"8528","16.09.1987",1866.4,0.000160750167794415
"8529","15.09.1987",1881.9,0.00827046306358712
"8530","14.09.1987",1909,0.0142976399549404
"8531","11.09.1987",1903.5,-0.0028852479031956
"8532","10.09.1987",1876.5,-0.0142859572474765
"8533","09.09.1987",1858.8,-0.0094772213642523
"8534","08.09.1987",1860.9,0.00112912343635824
"8535","04.09.1987",1877.7,0.0089873819515839
"8536","03.09.1987",1896.3,0.00985699554759729
"8537","02.09.1987",1904.5,0.00431488777229613
"8538","01.09.1987",1916.1,0.00607236331699447
"8539","31.08.1987",1950.4,0.017742609491354
"8540","28.08.1987",1934.9,-0.00797883418512402
"8541","27.08.1987",1958.9,0.0123274456474717
"8542","26.08.1987",1976.7,0.00904569639852913
"8543","25.08.1987",1987.8,0.00559971194602122
"8544","24.08.1987",1969.6,-0.00919802310371618
"8545","21.08.1987",1982.7,0.00662907571432773
"8546","20.08.1987",1977.7,-0.00252499881653749
"8547","19.08.1987",1949.4,-0.0144129204248696
"8548","18.08.1987",1946.8,-0.00133463394381044
"8549","17.08.1987",1974.8,0.0142801284254085
"8550","14.08.1987",1974,-0.000405186391280897
"8551","13.08.1987",1976.8,0.00141743468097332
"8552","12.08.1987",1963.5,-0.00675078065633594
"8553","11.08.1987",1968.1,0.00234001531132727
"8554","10.08.1987",1939.8,-0.0144837353699492
"8555","07.08.1987",1912.5,-0.0141735882587515
"8556","06.08.1987",1907.2,-0.00277508882966031
"8557","05.08.1987",1887.8,-0.0102240679801867
"8558","04.08.1987",1875.7,-0.00643020682454837
"8559","03.08.1987",1882.9,0.00383121843608721
"8560","31.07.1987",1888.9,0.00318150753539109
"8561","30.07.1987",1885.5,-0.00180161133936218
"8562","29.07.1987",1871.6,-0.00739935770635068
"8563","28.07.1987",1852.9,-0.0100417007036923
"8564","27.07.1987",1844.8,-0.00438110877357443
"8565","24.07.1987",1836.7,-0.00440038738030522
"8566","23.07.1987",1829.6,-0.003873119425918
"8567","22.07.1987",1834,0.00240201010783872
"8568","21.07.1987",1835.5,0.000817550120478925
"8569","20.07.1987",1851.3,0.0085711710582419
"8570","17.07.1987",1868.1,0.00903377655138503
"8571","16.07.1987",1857.8,-0.00552887959309555
"8572","15.07.1987",1846,-0.00637185589062296
"8573","14.07.1987",1846.9,0.000487421819068255
"8574","13.07.1987",1831.2,-0.00853706824350881
"8575","10.07.1987",1835.3,0.00223646622606948
"8576","09.07.1987",1830.8,-0.0024549260849393
"8577","08.07.1987",1833.7,0.00158275377563191
"8578","07.07.1987",1828.1,-0.00305860744207947
"8579","06.07.1987",1813.9,-0.00779795274911562
"8580","02.07.1987",1816.9,0.00165252874447113
"8581","01.07.1987",1803,-0.00767980790507763
"8582","30.06.1987",1808.8,0.00321169776044277
"8583","29.06.1987",1829.2,0.01121507082014
"8584","26.06.1987",1825.8,-0.00186046565291979
"8585","25.06.1987",1835.1,0.0050807287856485
"8586","24.06.1987",1822.9,-0.0066703363777529
"8587","23.06.1987",1831.6,0.00476126224406453
"8588","22.06.1987",1837.4,0.00316162705442582
"8589","19.06.1987",1824.3,-0.0071551770431924
"8590","18.06.1987",1817,-0.00400956239800247
"8591","17.06.1987",1812.8,-0.00231417812242935
"8592","16.06.1987",1811.8,-0.000551785038554484
"8593","15.06.1987",1803.9,-0.0043698385215547
"8594","12.06.1987",1795.9,-0.00444469868894198
"8595","11.06.1987",1778.9,-0.00951109329346659
"8596","10.06.1987",1771.4,-0.00422500135574144
"8597","09.06.1987",1769.8,-0.000903648542232854
"8598","08.06.1987",1767.2,-0.00147017272734235
"8599","05.06.1987",1749.8,-0.0098948774337433
"8600","04.06.1987",1756.9,0.00404939669884434
"8601","03.06.1987",1747.5,-0.00536469726304321
"8602","02.06.1987",1721.1,-0.0152225738320303
"8603","01.06.1987",1728.6,0.0043482110426027
"8604","29.05.1987",1728.6,0
"8605","28.05.1987",1730,0.000809576173286809
"8606","27.05.1987",1719.7,-0.00597155150167076
"8607","26.05.1987",1720.6,0.000523210197093901
"8608","22.05.1987",1681.9,-0.0227489604538605
"8609","21.05.1987",1671.4,-0.0062625081660514
"8610","20.05.1987",1660.3,-0.00666328965359524
"8611","19.05.1987",1669.9,0.00576543546464624
"8612","18.05.1987",1707.1,0.0220322800083203
"8613","15.05.1987",1715.6,0.00496684925601822
"8614","14.05.1987",1752.7,0.0213945824364051
"8615","13.05.1987",1752.1,-0.000342387586088607
"8616","12.05.1987",1748.8,-0.00188523007076764
"8617","11.05.1987",1741.4,-0.00424045102775884
"8618","08.05.1987",1749.8,0.0048121082776489
"8619","07.05.1987",1756.6,0.00387862681085284
"8620","06.05.1987",1760.2,0.00204731645669445
"8621","05.05.1987",1758.8,-0.000795680633056305
"8622","04.05.1987",1725.8,-0.0189410472324479
"8623","01.05.1987",1719.7,-0.00354085408405327
"8624","30.04.1987",1722,0.00133654899752232
"8625","29.04.1987",1701.7,-0.0118586546102851
"8626","28.04.1987",1689.7,-0.00707675301078695
"8627","27.04.1987",1684.1,-0.00331970190459548
"8628","24.04.1987",1685.1,0.000593612744488159
"8629","23.04.1987",1715.4,0.0178213803498244
"8630","22.04.1987",1718.8,0.00198008334451885
"8631","21.04.1987",1749.9,0.0179322705268617
"8632","20.04.1987",1714.9,-0.0202038735656002
"8633","16.04.1987",1719.2,0.00250429646619931
"8634","15.04.1987",1702.7,-0.00964383990170249
"8635","14.04.1987",1673.9,-0.0170589933180239
"8636","13.04.1987",1714.4,0.023906932050793
"8637","10.04.1987",1752.3,0.021866045555006
"8638","09.04.1987",1756.2,0.00222317321152178
"8639","08.04.1987",1781.8,0.0144717053606481
"8640","07.04.1987",1780.1,-0.000954546803156166
"8641","06.04.1987",1807.7,0.0153857764974215
"8642","03.04.1987",1799.7,-0.00443533465365158
"8643","02.04.1987",1763.3,-0.0204329309132793
"8644","01.04.1987",1755.7,-0.00431941563871493
"8645","31.03.1987",1754.1,-0.000911732925428403
"8646","30.03.1987",1740,-0.00807079164115973
"8647","27.03.1987",1780.3,0.0228967762022422
"8648","26.03.1987",1805.7,0.0141664388110179
"8649","25.03.1987",1802.8,-0.00160731640534169
"8650","24.03.1987",1808.9,0.00337791389109626
"8651","23.03.1987",1806.3,-0.00143837156907752
"8652","20.03.1987",1790.9,-0.00856226736581811
"8653","19.03.1987",1768.8,-0.0124169362294572
"8654","18.03.1987",1762,-0.00385182304711165
"8655","17.03.1987",1759.6,-0.00136301702156023
"8656","16.03.1987",1737.7,-0.0125241107463559
"8657","13.03.1987",1747.9,0.00585266761283208
"8658","12.03.1987",1754.8,0.00393982295101791
"8659","11.03.1987",1748.8,-0.00342505186978479
"8660","10.03.1987",1750.7,0.00108586951661251
"8661","09.03.1987",1736.7,-0.00802894718581805
"8662","06.03.1987",1749.4,0.00728611123268588
"8663","05.03.1987",1749,-0.000228675967152544
"8664","04.03.1987",1738.4,-0.00607904607638212
"8665","03.03.1987",1714.6,-0.0137853326975644
"8666","02.03.1987",1708.6,-0.00350549552713725
"8667","27.02.1987",1713.1,0.00263027301889462
"8668","26.02.1987",1706.7,-0.00374291331170139
"8669","25.02.1987",1712.6,0.00345100216738014
"8670","24.02.1987",1706.4,-0.00362679543495073
"8671","23.02.1987",1703.6,-0.00164222910808246
"8672","20.02.1987",1721.6,0.0105104319184068
"8673","19.02.1987",1721,-0.000348573755925795
"8674","18.02.1987",1718.9,-0.00122096587742814
"8675","17.02.1987",1718,-0.000523727789910569
"8676","13.02.1987",1687.1,-0.0181497449322716
"8677","12.02.1987",1666.2,-0.0124654940711202
"8678","11.02.1987",1675.6,0.00562572553207082
"8679","10.02.1987",1662,-0.00814961365748623
"8680","09.02.1987",1679.4,0.0104148903340695
"8681","06.02.1987",1691.1,0.00694261800617615
"8682","05.02.1987",1695.6,0.002657455722843
"8683","04.02.1987",1684.5,-0.00656787663187441
"8684","03.02.1987",1663,-0.0128455836536799
"8685","02.02.1987",1664.8,0.00108179588649686
"8686","30.01.1987",1650.7,-0.00850555572592934
"8687","29.01.1987",1651.5,0.000484525477348923
"8688","28.01.1987",1657.1,0.00338512080490368
"8689","27.01.1987",1647.9,-0.0055673366190636
"8690","26.01.1987",1624.4,-0.0143632332045417
"8691","23.01.1987",1628.6,0.0025822332208881
"8692","22.01.1987",1649.2,0.0125695717997141
"8693","21.01.1987",1616.7,-0.0199032872251842
"8694","20.01.1987",1624.3,0.00468991911778946
"8695","19.01.1987",1625.3,0.000615460383780184
"8696","16.01.1987",1609.2,-0.00995525303349699
"8697","15.01.1987",1608.2,-0.000621619961584511
"8698","14.01.1987",1592.2,-0.00999883345957081
"8699","13.01.1987",1577,-0.00959239969143941
"8700","12.01.1987",1578.8,0.00114075682565364
"8701","09.01.1987",1569,-0.00622659105565941
"8702","08.01.1987",1560.2,-0.00562445557881985
"8703","07.01.1987",1548.3,-0.00765646333142171
"8704","06.01.1987",1531.2,-0.0111058131241013
"8705","05.01.1987",1526.7,-0.00294319843579316
"8706","02.01.1987",1491,-0.0236615074981582
"8707","31.12.1986",1465.3,-0.017387036120759
"8708","30.12.1986",1471,0.00388244195745801
"8709","29.12.1986",1479.2,0.00555895947147758
"8710","26.12.1986",1492.4,0.00888416127408782
"8711","24.12.1986",1490.9,-0.00100559791264935
"8712","23.12.1986",1487.9,-0.0020142346007018
"8713","22.12.1986",1501.7,0.00923206985258338
"8714","19.12.1986",1508.3,0.00438538908797145
"8715","18.12.1986",1491.9,-0.010932713385404
"8716","17.12.1986",1496.8,0.00327902057107723
"8717","16.12.1986",1510.7,0.00924362358979944
"8718","15.12.1986",1500.1,-0.00704134701483471
"8719","12.12.1986",1496.5,-0.0024027242420909
"8720","11.12.1986",1501.7,0.00346875139348148
"8721","10.12.1986",1516.9,0.0100709789113917
"8722","09.12.1986",1507.5,-0.0062161289962862
"8723","08.12.1986",1518.3,0.00713863828680152
"8724","05.12.1986",1519.3,0.000658414561578751
"8725","04.12.1986",1529.8,0.00688730543804496
"8726","03.12.1986",1533.7,0.00254610876896846
"8727","02.12.1986",1534.1,0.000260773193993499
"8728","01.12.1986",1505.6,-0.0187524000196125
"8729","28.11.1986",1507.5,0.00126115977022539
"8730","26.11.1986",1505,-0.0016597514183644
"8731","25.11.1986",1502,-0.001995344858896
"8732","24.11.1986",1498.2,-0.00253316581029754
"8733","21.11.1986",1490.3,-0.0052869455590355
"8734","20.11.1986",1470,-0.0137150411819651
"8735","19.11.1986",1444.6,-0.0174299341560356
"8736","18.11.1986",1443.1,-0.00103888917471439
"8737","17.11.1986",1479.3,0.024775425456158
"8738","14.11.1986",1487.9,0.00579672693546166
"8739","13.11.1986",1480.6,-0.00491831882465385
"8740","12.11.1986",1500.3,0.0132176770839698
"8741","11.11.1986",1502.9,0.00173148684708113
"8742","10.11.1986",1498.4,-0.00299870281016991
"8743","07.11.1986",1496.2,-0.00146931169157425
"8744","06.11.1986",1496.7,0.000334124096796888
"8745","05.11.1986",1500.5,0.00253570134532046
"8746","04.11.1986",1497.2,-0.00220168885014792
"8747","03.11.1986",1494.8,-0.00160427841894513
"8748","31.10.1986",1484.8,-0.00671233557939268
"8749","30.10.1986",1483.1,-0.00114559128401932
"8750","29.10.1986",1467.6,-0.0105060782667899
"8751","28.10.1986",1458,-0.00656277991252344
"8752","27.10.1986",1454.7,-0.00226593978918712
"8753","24.10.1986",1451.6,-0.0021332974405011
"8754","23.10.1986",1456.6,0.00343855644489958
"8755","22.10.1986",1439.9,-0.0115312860695899
"8756","21.10.1986",1437.9,-0.00138995088052948
"8757","20.10.1986",1438.2,0.000208615834698418
"8758","17.10.1986",1453.7,0.0107196987638856
"8759","16.10.1986",1457.3,0.00247337810737169
"8760","15.10.1986",1452.4,-0.0033680479994701
"8761","14.10.1986",1433.3,-0.0132378826110108
"8762","13.10.1986",1436.9,0.00250853730599106
"8763","10.10.1986",1434.9,-0.0013928548808
"8764","09.10.1986",1437,0.00146244672466392
"8765","08.10.1986",1441.1,0.00284910376529088
"8766","07.10.1986",1428.9,-0.00850179336939134
"8767","06.10.1986",1430.8,0.00132881090993813
"8768","03.10.1986",1425.4,-0.00378125231709227
"8769","02.10.1986",1426.3,0.000631202461606127
"8770","01.10.1986",1424.2,-0.00147342598135212
"8771","30.09.1986",1411,-0.00931157969521037
"8772","29.09.1986",1402.2,-0.00625624107994673
"8773","26.09.1986",1416.3,0.0100054054474835
"8774","25.09.1986",1414.4,-0.00134242433697163
"8775","24.09.1986",1438.7,0.0170345151596083
"8776","23.09.1986",1433.8,-0.00341166562421561
"8777","22.09.1986",1428,-0.00405339851924215
"8778","19.09.1986",1411.5,-0.0116218952059856
"8779","18.09.1986",1413.2,0.00120366779144627
"8780","17.09.1986",1411.1,-0.00148709442127528
"8781","16.09.1986",1408.5,-0.00184423374728768
"8782","15.09.1986",1410.3,0.00127713938176712
"8783","12.09.1986",1404.3,-0.00426348972405996
"8784","11.09.1986",1430.1,0.018205413904755
"8785","10.09.1986",1497.4,0.0459858989176953
"8786","09.09.1986",1502.2,0.00320042945532643
"8787","08.09.1986",1505.9,0.0024600258408624
"8788","05.09.1986",1521.4,0.010240237470427
"8789","04.09.1986",1541.1,0.0128654835781309
"8790","03.09.1986",1519.9,-0.0138519039389162
"8791","02.09.1986",1513.3,-0.00435184650943511
"8792","29.08.1986",1536.6,0.0152794867405541
"8793","28.08.1986",1535.7,-0.000585880301887231
"8794","27.08.1986",1537.5,0.00117141754902573
"8795","26.08.1986",1534.9,-0.00169248836131049
"8796","25.08.1986",1508.4,-0.0174157459351604
"8797","22.08.1986",1521.3,0.00851574608488095
"8798","21.08.1986",1518.5,-0.00184222698327958
"8799","20.08.1986",1518.8,0.000197543871843859
"8800","19.08.1986",1500.5,-0.0121221634772254
"8801","18.08.1986",1504.8,0.00286161310639874
"8802","15.08.1986",1503.8,-0.000664761042894125
"8803","14.08.1986",1499.3,-0.0029969054430691
"8804","13.08.1986",1494.4,-0.00327354402627918
"8805","12.08.1986",1480.5,-0.00934491993293227
"8806","11.08.1986",1463.9,-0.0112757613642797
"8807","08.08.1986",1442.4,-0.0147957142882586
"8808","07.08.1986",1442.5,6.93264931470007e-05
"8809","06.08.1986",1440,-0.00173460581220831
"8810","05.08.1986",1441.1,0.000763597274269498
"8811","04.08.1986",1434.3,-0.00472978554414848
"8812","01.08.1986",1430.5,-0.0026528918100024
"8813","31.07.1986",1436.9,0.00446398174499603
"8814","30.07.1986",1439,0.00146041265220683
"8815","29.07.1986",1429.5,-0.00662369512500129
"8816","28.07.1986",1439.2,0.00676267087395688
"8817","25.07.1986",1463.5,0.0167434234956171
"8818","24.07.1986",1451.2,-0.00844002677106833
"8819","23.07.1986",1455.7,0.00309608420974305
"8820","22.07.1986",1452.6,-0.00213183039854741
"8821","21.07.1986",1440.7,-0.0082259476046404
"8822","18.07.1986",1441.7,0.000693866250430806
"8823","17.07.1986",1440.1,-0.0011104172145212
"8824","16.07.1986",1434,-0.00424481344377121
"8825","15.07.1986",1426.5,-0.00524385050601104
"8826","14.07.1986",1451.5,0.0173736128111299
"8827","11.07.1986",1475.1,0.0161282796213187
"8828","10.07.1986",1476.9,0.00121951234626141
"8829","09.07.1986",1475.6,-0.000880609709744196
"8830","08.07.1986",1466.8,-0.00598152952534962
"8831","07.07.1986",1484.9,0.012264272704845
"8832","03.07.1986",1529.7,0.0297242078272039
"8833","02.07.1986",1534.8,0.00332844164357743
"8834","01.07.1986",1529.8,-0.00326307148503166
"8835","30.06.1986",1522.3,-0.0049146588225573
"8836","27.06.1986",1514.1,-0.00540114605088201
"8837","26.06.1986",1508.4,-0.00377171663012426
"8838","25.06.1986",1509.4,0.000662734466566091
"8839","24.06.1986",1498.5,-0.00724761309405017
"8840","23.06.1986",1487.6,-0.00730052470580303
"8841","20.06.1986",1497.6,0.00669974367241271
"8842","19.06.1986",1482.3,-0.0102688912035136
"8843","18.06.1986",1487,0.00316573194034112
"8844","17.06.1986",1484.3,-0.00181738682943586
"8845","16.06.1986",1492.6,0.00557628506656773
"8846","13.06.1986",1490.9,-0.00113960126293345
"8847","12.06.1986",1467.7,-0.0156834148172004
"8848","11.06.1986",1465.4,-0.00156830689128953
"8849","10.06.1986",1455.9,-0.00650397664658326
"8850","09.06.1986",1459.5,0.00246964521488929
"8851","06.06.1986",1490.6,0.021084812153424
"8852","05.06.1986",1490.3,-0.00020128149284637
"8853","04.06.1986",1482.3,-0.00538250643493306
"8854","03.06.1986",1491.2,0.00598622941151286
"8855","02.06.1986",1489.6,-0.00107353740852419
"8856","30.05.1986",1502.1,0.0083565014812062
"8857","29.05.1986",1505.5,0.00226093991777985
"8858","28.05.1986",1498.5,-0.00466046116507058
"8859","27.05.1986",1487.6,-0.00730052470580303
"8860","23.05.1986",1468.5,-0.0129226114122402
"8861","22.05.1986",1460.9,-0.00518878750020638
"8862","21.05.1986",1435.4,-0.0176091281424969
"8863","20.05.1986",1438.7,0.00229637204701575
"8864","19.05.1986",1423.1,-0.0109023373533732
"8865","16.05.1986",1421.5,-0.00112493859855975
"8866","15.05.1986",1430.4,0.00624147332819528
"8867","14.05.1986",1447.7,0.0120219647407481
"8868","13.05.1986",1441.6,-0.00422248230592446
"8869","12.05.1986",1447.7,0.0042224823059244
"8870","09.05.1986",1450,0.0015874662546222
"8871","08.05.1986",1446,-0.00276243269591007
"8872","07.05.1986",1439,-0.00485269583134216
"8873","06.05.1986",1446,0.00485269583134211
"8874","05.05.1986",1447.7,0.00117496644128787
"8875","02.05.1986",1431.5,-0.0112532446218282
"8876","01.05.1986",1432.4,0.000628513586107886
"8877","30.04.1986",1435.4,0.00209219687169385
"8878","29.04.1986",1463.5,0.019387271135969
"8879","28.04.1986",1478.3,0.0100619517751037
"8880","25.04.1986",1475.3,-0.00203141998352301
"8881","24.04.1986",1474.7,-0.000406779666626002
"8882","23.04.1986",1473.3,-0.000949796543586644
"8883","22.04.1986",1479.1,0.00392901196401562
"8884","21.04.1986",1491.5,0.00834853027747898
"8885","18.04.1986",1479.1,-0.00834853027747896
"8886","17.04.1986",1481.3,0.00148628591068222
"8887","16.04.1986",1476,-0.00358435442758858
"8888","15.04.1986",1450,-0.0177721697457978
"8889","14.04.1986",1447.7,-0.00158746625462213
"8890","11.04.1986",1440.3,-0.00512466495499359
"8891","10.04.1986",1442.4,0.00145696768410329
"8892","09.04.1986",1427.8,-0.0101735948207475
"8893","08.04.1986",1424.5,-0.00231392313039712
"8894","07.04.1986",1396.4,-0.019923378707082
"8895","04.04.1986",1398.7,0.00164573755437734
"8896","03.04.1986",1421.2,0.0159583513616137
"8897","02.04.1986",1439,0.0124468427404958
"8898","01.04.1986",1436.8,-0.00153000933943265
"8899","31.03.1986",1455.9,0.0132058475313451
"8900","27.03.1986",1455.9,0
"8901","26.03.1986",1445.3,-0.00730735362448401
"8902","25.03.1986",1429.8,-0.0107823381220448
"8903","24.03.1986",1433.1,0.00230535573127428
"8904","21.03.1986",1425.4,-0.00538745399625537
"8905","20.03.1986",1439.4,0.00977388400593344
"8906","19.03.1986",1433.4,-0.00417711551388507
"8907","18.03.1986",1434.8,0.000976222098308537
"8908","17.03.1986",1428.1,-0.00468057719924006
"8909","14.03.1986",1439.7,0.00808986907342216
"8910","13.03.1986",1421.8,-0.0125110840369269
"8911","12.03.1986",1418.6,-0.00225320472739641
"8912","11.03.1986",1412.5,-0.00430928574739034
"8913","10.03.1986",1383.9,-0.0204555837887114
"8914","07.03.1986",1378.6,-0.00383710878033317
"8915","06.03.1986",1376,-0.00188775195826236
"8916","05.03.1986",1370.7,-0.00385918125595345
"8917","04.03.1986",1371.9,0.000875082094783767
"8918","03.03.1986",1375.5,0.00262066103250986
"8919","28.02.1986",1382.5,0.00507615303186057
"8920","27.02.1986",1380.2,-0.00166503820998837
"8921","26.02.1986",1364.7,-0.0112937919424333
"8922","25.02.1986",1363.1,-0.00117310666727089
"8923","24.02.1986",1366,0.00212524355393818
"8924","21.02.1986",1368.3,0.00168233225502897
"8925","20.02.1986",1353.4,-0.0109491485876392
"8926","19.02.1986",1340.2,-0.00980108825905485
"8927","18.02.1986",1354.4,0.0105396952798552
"8928","14.02.1986",1338.9,-0.0115101705155917
"8929","13.02.1986",1326.1,-0.0096060776197808
"8930","12.02.1986",1318.1,-0.00605099796513328
"8931","11.02.1986",1316.8,-0.000986754795614679
"8932","10.02.1986",1317.4,0.000455546283787401
"8933","07.02.1986",1307.9,-0.00723729971148589
"8934","06.02.1986",1301.9,-0.00459806159175524
"8935","05.02.1986",1297.9,-0.00307716220963811
"8936","04.02.1986",1297.6,-0.000231169332564932
"8937","03.02.1986",1303.5,0.00453655001240811
"8938","31.01.1986",1291.4,-0.00932605318118978
"8939","30.01.1986",1278.2,-0.0102740629761852
"8940","29.01.1986",1282.4,0.0032804840791619
"8941","28.01.1986",1280.4,-0.00156079319963523
"8942","27.01.1986",1267.6,-0.0100471802789424
"8943","24.01.1986",1261.6,-0.00474459216793703
"8944","23.01.1986",1249.1,-0.00995746467696501
"8945","22.01.1986",1245.1,-0.00320744401349677
"8946","21.01.1986",1257.6,0.00998929471657518
"8947","20.01.1986",1267.6,0.00792020614182353
"8948","17.01.1986",1272.4,0.00377953205822361
"8949","16.01.1986",1275.5,0.00243337770687698
"8950","15.01.1986",1270.2,-0.00416389021299163
"8951","14.01.1986",1260.3,-0.00782458052542849
"8952","13.01.1986",1260.3,0
"8953","10.01.1986",1256.3,-0.00317889483307386
"8954","09.01.1986",1257,0.000557036579875263
"8955","08.01.1986",1270.9,0.0109973812977774
"8956","07.01.1986",1301.9,0.0240994250153268
"8957","06.01.1986",1283.4,-0.0143119295869365
"8958","03.01.1986",1284.7,0.00101242172114902
"8959","02.01.1986",1276.7,-0.00624660421125879
"8960","31.12.1985",1285.7,0.00702469326389811
"8961","30.12.1985",1281.4,-0.00335008688528197
"8962","27.12.1985",1275.5,-0.00461497162305516
"8963","26.12.1985",1263.9,-0.00913607992878551
"8964","24.12.1985",1260.9,-0.00237642697389986
"8965","23.12.1985",1268.8,0.0062458202014028
"8966","20.12.1985",1282.7,0.0108956594252216
"8967","19.12.1985",1276.8,-0.00461028361026079
"8968","18.12.1985",1276.1,-0.000548395955613676
"8969","17.12.1985",1281.1,0.00391053212245734
"8970","16.12.1985",1289,0.00614764007679933
"8971","13.12.1985",1277.4,-0.00903996181169848
"8972","12.12.1985",1259.7,-0.0139531647692316
"8973","11.12.1985",1256.3,-0.00270270434788514
"8974","10.12.1985",1244.7,-0.00927635600344016
"8975","09.12.1985",1243.8,-0.000723327337143028
"8976","06.12.1985",1236.8,-0.00564381083663144
"8977","05.12.1985",1243.1,0.00508086096451224
"8978","04.12.1985",1244.4,0.00104522622581242
"8979","03.12.1985",1225.3,-0.0154677740680812
"8980","02.12.1985",1222.6,-0.00220597336077586
"8981","29.11.1985",1232.2,0.00782145098584532
"8982","27.11.1985",1233.8,0.0012976481950679
"8983","26.11.1985",1223.9,-0.00805635638724541
"8984","25.11.1985",1222.2,-0.00138996792747771
"8985","22.11.1985",1229.2,0.00571103779551443
"8986","21.11.1985",1227.9,-0.00105815808986258
"8987","20.11.1985",1213.7,-0.0116318480541513
"8988","19.11.1985",1212.1,-0.00131915263584963
"8989","18.11.1985",1211,-0.000907927923373975
"8990","15.11.1985",1209.4,-0.00132209571397963
"8991","14.11.1985",1214.1,0.00387869271081692
"8992","13.11.1985",1203.2,-0.00901838735435408
"8993","12.11.1985",1208.9,0.00472618101237094
"8994","11.11.1985",1203.5,-0.00447687698481971
"8995","08.11.1985",1183.6,-0.0166733366970721
"8996","07.11.1985",1176.9,-0.00567677864243791
"8997","06.11.1985",1177,8.49653766599754e-05
"8998","05.11.1985",1174.4,-0.00221144940002553
"8999","04.11.1985",1167.9,-0.00555011457573144
"9000","01.11.1985",1168.9,0.000855871329204965
"9001","31.10.1985",1159.4,-0.00816050570809211
"9002","30.10.1985",1159.8,0.000344946536707627
"9003","29.10.1985",1154.6,-0.00449361281550711
"9004","28.10.1985",1146.4,-0.0071273661128709
"9005","25.10.1985",1145.8,-0.000523514539484746
"9006","24.10.1985",1151.3,0.00478865570514123
"9007","23.10.1985",1154.3,0.00260236094124767
"9008","22.10.1985",1148.8,-0.00477618032690677
"9009","21.10.1985",1142.5,-0.00549907552559992
"9010","18.10.1985",1143.6,0.000962337679796791
"9011","17.10.1985",1146.3,0.0023581826728072
"9012","16.10.1985",1147,0.000610474008406753
"9013","15.10.1985",1136.7,-0.00902051043670584
"9014","14.10.1985",1138.2,0.00131873947635874
"9015","11.10.1985",1126.7,-0.0101550609989033
"9016","10.10.1985",1118.2,-0.00757275657757533
"9017","09.10.1985",1115.9,-0.00205899540088939
"9018","08.10.1985",1112.3,-0.00323131059367203
"9019","07.10.1985",1112.9,0.000539277381395883
"9020","04.10.1985",1120.3,0.00662728558529802
"9021","03.10.1985",1126.3,0.00534141748897314
"9022","02.10.1985",1124.6,-0.00151050719554953
"9023","01.10.1985",1129,0.00390486829156071
"9024","30.09.1985",1112.3,-0.0149023415516784
"9025","26.09.1985",1108.3,-0.0036026338163762
"9026","25.09.1985",1105.5,-0.00252958848410637
"9027","24.09.1985",1116.6,0.00999063257875902
"9028","23.09.1985",1126.2,0.00856077994425826
"9029","20.09.1985",1114.4,-0.0105329903549222
"9030","19.09.1985",1120.8,0.00572657255720114
"9031","18.09.1985",1110.2,-0.00950253676673626
"9032","17.09.1985",1109.1,-0.000991303645365149
"9033","16.09.1985",1118.6,0.00852902777679171
"9034","13.09.1985",1119.2,0.000536240963784033
"9035","12.09.1985",1124.6,0.00481327250682976
"9036","11.09.1985",1133.7,0.00805920316545172
"9037","10.09.1985",1145.3,0.0101799913801175
"9038","09.09.1985",1153.8,0.00739423141911858
"9039","06.09.1985",1153.1,-0.000606875045718566
"9040","05.09.1985",1147.8,-0.00460690110280829
"9041","04.09.1985",1148.4,0.000522602572646713
"9042","03.09.1985",1151.6,0.00278261049111176
"9043","30.08.1985",1156.7,0.00441884356333516
"9044","29.08.1985",1157.5,0.000691383659033332
"9045","28.08.1985",1156.7,-0.000691383659033209
"9046","27.08.1985",1152.6,-0.00355086329879005
"9047","26.08.1985",1148.2,-0.00382476126902945
"9048","23.08.1985",1147.1,-0.000958480446314608
"9049","22.08.1985",1148,0.000784279592289904
"9050","21.08.1985",1157.7,0.00841398033217103
"9051","20.08.1985",1151.7,-0.00519616653682109
"9052","19.08.1985",1143,-0.0075827268800511
"9053","16.08.1985",1141,-0.00175131393273506
"9054","15.08.1985",1148.2,0.00629042787146079
"9055","14.08.1985",1148.5,0.000261244395616562
"9056","13.08.1985",1147.7,-0.000696803442530186
"9057","12.08.1985",1149.1,0.00121908757696529
"9058","09.08.1985",1153.2,0.00356165950065928
"9059","08.08.1985",1156.8,0.00311688564025315
"9060","07.08.1985",1148.1,-0.00754917030473406
"9061","06.08.1985",1150.5,0.00208822837565449
"9062","05.08.1985",1166,0.0133824574350172
"9063","02.08.1985",1172.1,0.00521792381869687
"9064","01.08.1985",1175.6,0.00298164381562773
"9065","31.07.1985",1168.1,-0.00640015838311185
"9066","30.07.1985",1161.8,-0.00540797060321834
"9067","29.07.1985",1161,-0.00068882386054062
"9068","26.07.1985",1177.4,0.0140269148962695
"9069","25.07.1985",1176.2,-0.00101971456830537
"9070","24.07.1985",1175.1,-0.000935652685960438
"9071","23.07.1985",1181,0.00500828685746696
"9072","22.07.1985",1191.8,0.00910323211551628
"9073","19.07.1985",1197.6,0.00485478479254009
"9074","18.07.1985",1192.8,-0.00401606965488994
"9075","17.07.1985",1200,0.00601807232556294
"9076","16.07.1985",1195.4,-0.00384069938593778
"9077","15.07.1985",1183.5,-0.0100047074361152
"9078","12.07.1985",1185.6,0.00177282558778375
"9079","11.07.1985",1183.7,-0.0016038495819744
"9080","10.07.1985",1180,-0.00313068750013756
"9081","09.07.1985",1172.4,-0.00646150862297298
"9082","08.07.1985",1176.8,0.0037459604504903
"9083","05.07.1985",1181.4,0.00390128558590719
"9084","03.07.1985",1173.9,-0.00636863698865833
"9085","02.07.1985",1176.6,0.00229738454587903
"9086","01.07.1985",1178.4,0.00152866271806502
"9087","28.06.1985",1174.8,-0.00305966582395561
"9088","27.06.1985",1170.7,-0.00349605983883823
"9089","26.06.1985",1164.5,-0.00531005016123109
"9090","25.06.1985",1162.8,-0.00146092063967487
"9091","24.06.1985",1159.4,-0.00292825977908822
"9092","21.06.1985",1161.5,0.00180964330483124
"9093","20.06.1985",1146.8,-0.0127368182012491
"9094","19.06.1985",1146.7,-8.72029649559382e-05
"9095","18.06.1985",1149.9,0.00278673001036051
"9096","17.06.1985",1144.9,-0.00435768512485241
"9097","14.06.1985",1147.9,0.00261688914168449
"9098","13.06.1985",1141.5,-0.00559099910160096
"9099","12.06.1985",1151.2,0.00846168960330784
"9100","11.06.1985",1158.8,0.00658011032203724
"9101","10.06.1985",1161.3,0.00215508035651686
"9102","07.06.1985",1162.8,0.00129082243300878
"9103","06.06.1985",1170.4,0.00651468102119389
"9104","05.06.1985",1165.7,-0.00402380578012796
"9105","04.06.1985",1163.7,-0.00171718081175548
"9106","03.06.1985",1159,-0.00404701977427955
"9107","31.05.1985",1159.2,0.000172547666721064
"9108","30.05.1985",1149.7,-0.0082290732467781
"9109","29.05.1985",1148.9,-0.000696075900375342
"9110","28.05.1985",1149.7,0.000696075900375363
"9111","24.05.1985",1151.2,0.00130383781346356
"9112","23.05.1985",1146.9,-0.0037422262026812
"9113","22.05.1985",1152.4,0.00478407383989673
"9114","21.05.1985",1159.4,0.00605590569525903
"9115","20.05.1985",1160.2,0.000689774126331495
"9116","17.05.1985",1147,-0.0114425659025933
"9117","16.05.1985",1136.7,-0.00902051043670584
"9118","15.05.1985",1130,-0.00591169498627857
"9119","14.05.1985",1125.9,-0.00363491689730137
"9120","13.05.1985",1129.8,0.00345791008207682
"9121","10.05.1985",1127.6,-0.00194914565120428
"9122","09.05.1985",1113.5,-0.0125832725425351
"9123","08.05.1985",1105.6,-0.00712003368401692
"9124","07.05.1985",1105.9,0.000271309067908946
"9125","06.05.1985",1101.6,-0.00389581466686943
"9126","03.05.1985",1101.5,-9.07811720471523e-05
"9127","02.05.1985",1095.7,-0.00527945883105012
"9128","01.05.1985",1092.8,-0.00265021859482206
"9129","30.04.1985",1100.9,0.00738481725983187
"9130","29.04.1985",1106.3,0.00489308696450765
"9131","26.04.1985",1115.7,0.00846089655826884
"9132","25.04.1985",1122.4,0.00598723918911719
"9133","24.04.1985",1116.6,-0.0051808959119913
"9134","23.04.1985",1114.8,-0.00161333726846686
"9135","22.04.1985",1108.1,-0.00602817966551339
"9136","19.04.1985",1110.2,0.00189334231378118
"9137","18.04.1985",1108.8,-0.00126182982042217
"9138","17.04.1985",1113.3,0.00405022829902274
"9139","16.04.1985",1110.4,-0.00260826698212142
"9140","15.04.1985",1108.9,-0.00135177779336989
"9141","12.04.1985",1106.4,-0.00225703160862177
"9142","11.04.1985",1104.2,-0.00199041050060426
"9143","10.04.1985",1099.6,-0.00417461355885368
"9144","09.04.1985",1092.5,-0.00647782932134535
"9145","08.04.1985",1092.1,-0.000366199766062634
"9146","04.04.1985",1096.6,0.00411203576626539
"9147","03.04.1985",1097.2,0.000546996093500108
"9148","02.04.1985",1105.3,0.00735531125346152
"9149","01.04.1985",1109.2,0.0035222434247133
"9150","29.03.1985",1106,-0.00288913165934288
"9151","28.03.1985",1099.5,-0.0058943720874642
"9152","27.03.1985",1098.9,-0.000545851541937377
"9153","26.03.1985",1092.1,-0.00620723124919578
"9154","25.03.1985",1089.6,-0.00229179180843476
"9155","22.03.1985",1096,0.00585653211271297
"9156","21.03.1985",1098.1,0.00191422509570656
"9157","20.03.1985",1096.4,-0.00154932817503667
"9158","19.03.1985",1098.7,0.00209557727820441
"9159","18.03.1985",1083.9,-0.013562014885131
"9160","15.03.1985",1083.4,-0.00046140359790578
"9161","14.03.1985",1090.3,0.00634864348853747
"9162","13.03.1985",1091.6,0.00119162212184719
"9163","12.03.1985",1100,0.00766566995227855
"9164","11.03.1985",1095.3,-0.00428188145676109
"9165","08.03.1985",1097.8,0.00227987878608804
"9166","07.03.1985",1100.4,0.00236557293463083
"9167","06.03.1985",1106.4,0.00543775130012891
"9168","05.03.1985",1115.2,0.00792225965571092
"9169","04.03.1985",1114.8,-0.000358744398466412
"9170","01.03.1985",1121.2,0.00572452368284025
"9171","28.02.1985",1109.5,-0.0104900769179846
"9172","27.02.1985",1106.7,-0.00252684910190891
"9173","26.02.1985",1108.3,0.00144469551086758
"9174","25.02.1985",1097.8,-0.00951913266581856
"9175","22.02.1985",1099.8,0.00182016795792546
"9176","21.02.1985",1105.1,0.00480748352102222
"9177","20.02.1985",1111.4,0.0056846532510845
"9178","19.02.1985",1111.5,8.99725584302047e-05
"9179","15.02.1985",1113.1,0.00143846109492878
"9180","14.02.1985",1117.6,0.00403461344357192
"9181","13.02.1985",1121.7,0.00366186270842582
"9182","12.02.1985",1105.7,-0.0143667731028216
"9183","11.02.1985",1104.9,-0.000723785429226791
"9184","08.02.1985",1114.4,0.00856131034646673
"9185","07.02.1985",1112.1,-0.00206602364079984
"9186","06.02.1985",1103.9,-0.00740075580049012
"9187","05.02.1985",1104.1,0.000181159420785035
"9188","04.02.1985",1101.4,-0.00244842561670999
"9189","01.02.1985",1091.5,-0.00902920083838265
"9190","31.01.1985",1097,0.00502628428523177
"9191","30.01.1985",1096,-0.000911992767269351
"9192","29.01.1985",1093.6,-0.00219218209822116
"9193","28.01.1985",1084.1,-0.00872485674249377
"9194","25.01.1985",1083,-0.00101518166625533
"9195","24.01.1985",1078.8,-0.00388565573541574
"9196","23.01.1985",1081.4,0.00240718568232981
"9197","22.01.1985",1070.9,-0.00975708154107515
"9198","21.01.1985",1069.2,-0.00158871114206546
"9199","18.01.1985",1047.2,-0.0207907696690738
"9200","17.01.1985",1044.2,-0.00286889361923816
"9201","16.01.1985",1045.7,0.00143547562809101
"9202","15.01.1985",1042.5,-0.00306484293158663
"9203","14.01.1985",1040.2,-0.00220867233398436
"9204","11.01.1985",1025.4,-0.0143302219893718
"9205","10.01.1985",1027,0.00155915057895798
"9206","09.01.1985",1009.2,-0.0174839931616555
"9207","08.01.1985",1002.5,-0.00666105758617851
"9208","07.01.1985",1003.3,0.000797686750842791
"9209","04.01.1985",1000.3,-0.00299461194043211
"9210","03.01.1985",1005,0.00468758650204109
"9211","02.01.1985",1009,0.00397219986043272
"9212","31.12.1984",1019.1,0.00996014348103908
"9213","28.12.1984",1013.9,-0.00511560387611384
"9214","27.12.1984",1011.3,-0.00256764905040938
"9215","26.12.1984",1015.5,0.00414447011231478
"9216","25.12.1984",1017,0.00147601502812068
"9217","24.12.1984",1017,0
"9218","21.12.1984",1010.4,-0.00651082501227867
"9219","20.12.1984",1015.1,0.00464083775410401
"9220","19.12.1984",1019.2,0.00403087602751359
"9221","18.12.1984",1023.3,0.00401469327481076
"9222","17.12.1984",998.5,-0.0245338252368398
"9223","14.12.1984",993.1,-0.00542278894655698
"9224","13.12.1984",987.8,-0.00535111580278851
"9225","12.12.1984",991.7,0.00394039408555501
"9226","11.12.1984",993.9,0.00221595578188037
"9227","10.12.1984",991.9,-0.0020143022220118
"9228","07.12.1984",988.9,-0.00302908147600288
"9229","06.12.1984",991.2,0.00232311603898761
"9230","05.12.1984",988.3,-0.0029300349327946
"9231","04.12.1984",995.3,0.00705790386987961
"9232","03.12.1984",993,-0.00231353520684521
"9233","30.11.1984",997.1,0.00412040178957459
"9234","29.11.1984",999.5,0.00240408810570748
"9235","28.11.1984",1006,0.00648219671922985
"9236","27.11.1984",1013.1,0.00703286539994717
"9237","26.11.1984",1009,-0.00405519570602274
"9238","23.11.1984",1016.1,0.0070120281382267
"9239","22.11.1984",1002.3,-0.0136744104610153
"9240","21.11.1984",1002.3,0
"9241","20.11.1984",1000.2,-0.0020973790460171
"9242","19.11.1984",995,-0.00521252182621054
"9243","16.11.1984",1001.3,0.00631169755516426
"9244","15.11.1984",1011.7,0.0103329284980876
"9245","14.11.1984",1012.3,0.000592885392861192
"9246","13.11.1984",1012.8,0.000493802785205671
"9247","12.11.1984",1020.5,0.00757393085998789
"9248","09.11.1984",1022.8,0.002251261167132
"9249","08.11.1984",1027.8,0.00487663114109772
"9250","07.11.1984",1030.5,0.00262352577238463
"9251","06.11.1984",1037.5,0.00676985177433953
"9252","05.11.1984",1027.1,-0.0100746759330948
"9253","02.11.1984",1020.5,-0.00644659392185906
"9254","01.11.1984",1020.2,-0.000294016761073262
"9255","31.10.1984",1012.3,-0.0077737168841202
"9256","30.10.1984",1016.2,0.00384521055492558
"9257","29.10.1984",1005.1,-0.0109831411289374
"9258","26.10.1984",1008.1,0.00298033202920178
"9259","25.10.1984",1014.3,0.00613134832205407
"9260","24.10.1984",1019.3,0.00491739779241718
"9261","23.10.1984",1019.1,-0.000196232339719158
"9262","22.10.1984",1020.7,0.00156878157480474
"9263","19.10.1984",1024.2,0.00342315361899716
"9264","18.10.1984",1023.6,-0.000585994742816181
"9265","17.10.1984",1002.8,-0.0205297380014955
"9266","16.10.1984",1006.2,0.00338477177307983
"9267","15.10.1984",1010.8,0.00456123745682096
"9268","12.10.1984",1002.3,-0.00844473748321858
"9269","11.10.1984",993.6,-0.00871792685160619
"9270","10.10.1984",989.4,-0.00423601238560612
"9271","09.10.1984",987.8,-0.00161845068708375
"9272","08.10.1984",989.5,0.00171951693609607
"9273","05.10.1984",992.8,0.00332946884777707
"9274","04.10.1984",993.4,0.000604168782852793
"9275","03.10.1984",991.2,-0.00221707235831732
"9276","02.10.1984",998,0.00683694599653124
"9277","01.10.1984",1004.1,0.00609362057392665
"9278","28.09.1984",1012.7,0.00852841345284861
"9279","27.09.1984",1017.1,0.00433540929331118
"9280","26.09.1984",1013.2,-0.00384180150403034
"9281","25.09.1984",1009.5,-0.00365848037462806
"9282","24.09.1984",1008.5,-0.00099108035862572
"9283","21.09.1984",1011.6,0.0030691574015436
"9284","20.09.1984",1020.5,0.00875946745408936
"9285","19.09.1984",1017.3,-0.00314064445019689
"9286","18.09.1984",1020.9,0.00353253237526708
"9287","17.09.1984",1026.9,0.00585996402927982
"9288","14.09.1984",1026.2,-0.000681895696384936
"9289","13.09.1984",1020.2,-0.00586397301903819
"9290","12.09.1984",1002.5,-0.017501806308102
"9291","11.09.1984",1002,-0.00049887753591409
"9292","10.09.1984",1000.4,-0.00159808264134616
"9293","07.09.1984",1001.2,0.000799360554155184
"9294","06.09.1984",1007.7,0.00647122572873751
"9295","05.09.1984",1000.3,-0.00737055129522181
"9296","04.09.1984",1004.1,0.00379166289425563
"9297","03.09.1984",1013.6,0.00941673212153869
"9298","31.08.1984",1013.6,0
"9299","30.08.1984",1013.1,-0.00049341294729754
"9300","29.08.1984",1015.6,0.00246463377089157
"9301","28.08.1984",1016.6,0.000984155182278808
"9302","27.08.1984",1011.6,-0.00493049021699207
"9303","24.08.1984",1017.6,0.00591367779004771
"9304","23.08.1984",1015.2,-0.00236127618567982
"9305","22.08.1984",1014.7,-0.000492635115140745
"9306","21.08.1984",1018.3,0.00354156789258244
"9307","20.08.1984",1002,-0.0161365675328096
"9308","17.08.1984",998.4,-0.00359928402964687
"9309","16.08.1984",996.4,-0.00200521422713791
"9310","15.08.1984",990.9,-0.00553516232317165
"9311","14.08.1984",999.6,0.0087415778959436
"9312","13.08.1984",1004.7,0.00508906950747123
"9313","10.08.1984",1005.3,0.000597014943105671
"9314","09.08.1984",1004.2,-0.00109479981076917
"9315","08.08.1984",982.9,-0.0214390980280216
"9316","07.08.1984",987.9,0.00507409247784473
"9317","06.08.1984",988.1,0.000202429150488796
"9318","03.08.1984",985.8,-0.00233041292963977
"9319","02.08.1984",959.8,-0.0267285648471322
"9320","01.08.1984",936.6,-0.0244686326747037
"9321","31.07.1984",917.1,-0.0210397791845428
"9322","30.07.1984",914.7,-0.00262037490257975
"9323","27.07.1984",920,0.0057775273807671
"9324","26.07.1984",912.9,-0.00774732447205098
"9325","25.07.1984",905.5,-0.00813906824756697
"9326","24.07.1984",900.1,-0.00598140906042851
"9327","23.07.1984",906.5,0.00708516193186608
"9328","20.07.1984",911.6,0.00561026717662345
"9329","19.07.1984",916.5,0.00536076990823058
"9330","18.07.1984",922.6,0.00663370384396041
"9331","17.07.1984",928,0.00583596166248032
"9332","16.07.1984",923.5,-0.00486093314690591
"9333","13.07.1984",920.8,-0.00292794223162179
"9334","12.07.1984",916.1,-0.0051173283865099
"9335","11.07.1984",919.5,0.00370451502321284
"9336","10.07.1984",932.5,0.0140391074735949
"9337","09.07.1984",934.8,0.00246345114673229
"9338","06.07.1984",929.4,-0.0057933860138249
"9339","05.07.1984",932.3,0.00311543465177006
"9340","03.07.1984",937,0.0050286309357742
"9341","02.07.1984",934,-0.00320684400957956
"9342","29.06.1984",934.5,0.000535188666774798
"9343","28.06.1984",932.5,-0.00214247537764694
"9344","27.06.1984",926,-0.00699491687179127
"9345","26.06.1984",932.1,0.00656587042093198
"9346","25.06.1984",939,0.0073753741411514
"9347","22.06.1984",941.7,0.00287127330775472
"9348","21.06.1984",941.7,0
"9349","20.06.1984",942.8,0.00116741854595831
"9350","19.06.1984",931.2,-0.0123800940848025
"9351","18.06.1984",925.7,-0.00592386890400778
"9352","15.06.1984",911.1,-0.0158975473533528
"9353","14.06.1984",918.4,0.00798036484548921
"9354","13.06.1984",927.7,0.0100753790939239
"9355","12.06.1984",928.5,0.000861976133534702
"9356","11.06.1984",932.9,0.00472763317415478
"9357","08.06.1984",944.5,0.012357672974649
"9358","07.06.1984",942.9,-0.00169545446993271
"9359","06.06.1984",942.7,-0.0002121340695269
"9360","05.06.1984",935.7,-0.0074531861202374
"9361","04.06.1984",939.5,0.00405290657165266
"9362","01.06.1984",932.2,-0.00780043491487941
"9363","31.05.1984",916.8,-0.0166580379781656
"9364","30.05.1984",914.2,-0.00283998006283107
"9365","29.05.1984",914.1,-0.000109391237870997
"9366","28.05.1984",914.1,0
"9367","25.05.1984",921.2,0.00773719328675708
"9368","24.05.1984",919.4,-0.00195588457440262
"9369","23.05.1984",931.4,0.0129675471761493
"9370","22.05.1984",935,0.00385769874041013
"9371","21.05.1984",940.8,0.00618404785567539
"9372","18.05.1984",947,0.00656851604171583
"9373","17.05.1984",952.4,0.0056860214266295
"9374","16.05.1984",961.4,0.00940544084715263
"9375","15.05.1984",961.2,-0.000208051597546402
"9376","14.05.1984",958.6,-0.00270861713678291
"9377","11.05.1984",964.6,0.00623962090934067
"9378","10.05.1984",973.1,0.00877334419307171
"9379","09.05.1984",974.3,0.00123241260335218
"9380","08.05.1984",977.4,0.00317672040475888
"9381","07.05.1984",971.4,-0.00615765492440998
"9382","04.05.1984",970.1,-0.00133917094440659
"9383","03.05.1984",981.6,0.0117847344294637
"9384","02.05.1984",984.3,0.00274683523846395
"9385","01.05.1984",982,-0.00233942028069966
"9386","30.04.1984",972.6,-0.00961841038478045
"9387","27.04.1984",972.2,-0.000411353358330268
"9388","26.04.1984",973.7,0.00154170337335539
"9389","25.04.1984",964.1,-0.00990822431437582
"9390","24.04.1984",960.6,-0.00363693443961072
"9391","23.04.1984",954.1,-0.00678960147292374
"9392","20.04.1984",954.1,0
"9393","19.04.1984",961,0.00720592121249226
"9394","18.04.1984",960.4,-0.000624544623194342
"9395","17.04.1984",966.5,0.00633143430128743
"9396","16.04.1984",962.2,-0.00445896938303222
"9397","13.04.1984",957,-0.00541893781239916
"9398","12.04.1984",958.4,0.0014618359082306
"9399","11.04.1984",943.6,-0.0155628798276649
"9400","10.04.1984",948.6,0.00528486590996128
"9401","09.04.1984",946.1,-0.00263894173308279
"9402","06.04.1984",946.1,0
"9403","05.04.1984",944.5,-0.00169258476883434
"9404","04.04.1984",959.1,0.0153396577923412
"9405","03.04.1984",960,0.000937939727976519
"9406","02.04.1984",962.5,0.00260078170005744
"9407","30.03.1984",969.3,0.00704009533662291
"9408","29.03.1984",970.5,0.00123724111050264
"9409","28.03.1984",971.7,0.00123571223632851
"9410","27.03.1984",957.5,-0.0147213937905923
"9411","26.03.1984",954.2,-0.00345242797279439
"9412","23.03.1984",955.3,0.00115213419395593
"9413","22.03.1984",954.8,-0.000523532811287685
"9414","21.03.1984",965.4,0.0110406287617174
"9415","20.03.1984",966.4,0.00103530395415797
"9416","19.03.1984",960.8,-0.00581155641477677
"9417","16.03.1984",969.9,0.00942670263372328
"9418","15.03.1984",958.7,-0.0116147733165461
"9419","14.03.1984",955,-0.00386685960222068
"9420","13.03.1984",955,0
"9421","12.03.1984",951.1,-0.00409213099239045
"9422","09.03.1984",940.4,-0.0113138928224254
"9423","08.03.1984",945.2,0.00509122864683829
"9424","07.03.1984",942,-0.00339127073638978
"9425","06.03.1984",952.4,0.0109798400363447
"9426","05.03.1984",961.8,0.00982141423085451
"9427","02.03.1984",969.3,0.00776763265499991
"9428","01.03.1984",963,-0.00652074970043665
"9429","29.02.1984",956.3,-0.00698174044262856
"9430","28.02.1984",954.2,-0.00219837827349029
"9431","27.02.1984",967.9,0.0142554830730363
"9432","24.02.1984",956.8,-0.0115343929586756
"9433","23.02.1984",937.8,-0.0200576765408813
"9434","22.02.1984",938.6,0.000852696704831527
"9435","21.02.1984",940.7,0.00223487561758839
"9436","20.02.1984",940.7,0
"9437","17.02.1984",947.3,0.00699155390358299
"9438","16.02.1984",949.8,0.00263560323353273
"9439","15.02.1984",951.1,0.00136777337331831
"9440","14.02.1984",952.9,0.00189075686580267
"9441","13.02.1984",944,-0.0093838002086418
"9442","10.02.1984",952.4,0.00885894846720702
"9443","09.02.1984",948.7,-0.00389248821387651
"9444","08.02.1984",952.6,0.00410246196792883
"9445","07.02.1984",969.2,0.0172759005756106
"9446","06.02.1984",966.8,-0.00247934011304282
"9447","03.02.1984",983.2,0.0168209094224972
"9448","02.02.1984",996.9,0.0138379057768331
"9449","01.02.1984",993.2,-0.00371841039464667
"9450","31.01.1984",997.3,0.00411957377381065
"9451","30.01.1984",995.2,-0.00210790542290715
"9452","27.01.1984",1002.1,0.00690935507936816
"9453","26.01.1984",1003.2,0.00109709281437315
"9454","25.01.1984",1007.3,0.00407859306997908
"9455","24.01.1984",1024.2,0.0166383360798146
"9456","23.01.1984",1018.5,-0.00558086336158944
"9457","20.01.1984",1016.5,-0.00196560259845918
"9458","19.01.1984",1021.4,0.00480888114514226
"9459","18.01.1984",1024.6,0.00312805729155833
"9460","17.01.1984",1026.2,0.0015603670027626
"9461","16.01.1984",1023,-0.00312317255623804
"9462","13.01.1984",1022.1,-0.000880152616595886
"9463","12.01.1984",1026.2,0.00400332517283381
"9464","11.01.1984",1026,-0.000194912777149648
"9465","10.01.1984",1026.6,0.000584624395487879
"9466","09.01.1984",1031.8,0.00505247868434686
"9467","06.01.1984",1033.2,0.001355932411136
"9468","05.01.1984",1029.3,-0.00378182268917184
"9469","04.01.1984",1016.9,-0.012120175735422
"9470","03.01.1984",1001.2,-0.0155595032394726
"9471","30.12.1983",1006.4,0.00518032638855676
"9472","29.12.1983",1004.8,-0.00159109023224185
"9473","28.12.1983",1006.9,0.00208778720763507
"9474","27.12.1983",1003.8,-0.00308350570073594
"9475","26.12.1983",1003.8,0
"9476","23.12.1983",995.7,-0.00810206982679463
"9477","22.12.1983",996.8,0.00110414063915002
"9478","21.12.1983",998.6,0.00180415003332027
"9479","20.12.1983",990.1,-0.00854834993803995
"9480","19.12.1983",991.8,0.00171552592656446
"9481","16.12.1983",992.5,0.000705538506311919
"9482","15.12.1983",989,-0.00353268093863339
"9483","14.12.1983",998.3,0.00935950071966742
"9484","13.12.1983",1007.5,0.00917346147845851
"9485","12.12.1983",1011.3,0.00376461708728654
"9486","09.12.1983",1008.7,-0.0025742588473349
"9487","08.12.1983",1009.3,0.000594648184023957
"9488","07.12.1983",1013.6,0.00425132876211545
"9489","06.12.1983",1011,-0.00256840998645795
"9490","05.12.1983",1012.7,0.00168009131776787
"9491","02.12.1983",1011.5,-0.00118565373043922
"9492","01.12.1983",1017.1,0.00552106302375045
"9493","30.11.1983",1017.1,0
"9494","29.11.1983",1025,0.00773717194095794
"9495","28.11.1983",1017.1,-0.00773717194095803
"9496","25.11.1983",1020.9,0.0037291505434192
"9497","24.11.1983",1020.9,0
"9498","23.11.1983",1019.3,-0.00156847400060263
"9499","22.11.1983",1018.6,-0.00068698172386279
"9500","21.11.1983",1014.2,-0.00432901108958558
"9501","18.11.1983",1019.9,0.00560445889555369
"9502","17.11.1983",1014.3,-0.00550586387452248
"9503","16.11.1983",1013.9,-0.000394438423415889
"9504","15.11.1983",1009.7,-0.00415102394825873
"9505","14.11.1983",1015.6,0.00582631382024794
"9506","11.11.1983",1013.2,-0.00236593170300323
"9507","10.11.1983",1001.9,-0.0112154418623029
"9508","09.11.1983",998.6,-0.00329917819870838
"9509","08.11.1983",986.8,-0.0118869134113074
"9510","07.11.1983",988.2,0.00141772175644821
"9511","04.11.1983",991.5,0.00333384154820097
"9512","03.11.1983",997.4,0.00593294515217156
"9513","02.11.1983",1004.7,0.00729237535624659
"9514","01.11.1983",997.4,-0.00729237535624644
"9515","31.10.1983",997,-0.000401123150183797
"9516","28.10.1983",996.9,-0.000100305933180102
"9517","27.10.1983",1005.1,0.00819185400203586
"9518","26.10.1983",1008.8,0.00367446662001549
"9519","25.10.1983",1014.9,0.00602857980406266
"9520","24.10.1983",1012.1,-0.0027627052599169
"9521","21.10.1983",1012.3,0.000197589409850348
"9522","20.10.1983",1018.5,0.00610598706215457
"9523","19.10.1983",1016.8,-0.00167051579161621
"9524","18.10.1983",1023.6,0.00666538441038958
"9525","17.10.1983",1039.1,0.0150291285729671
"9526","14.10.1983",1036.2,-0.00279477847791304
"9527","13.10.1983",1036.4,0.00019299430726713
"9528","12.10.1983",1035.8,-0.00057909469816391
"9529","11.10.1983",1040.3,0.00433505808705839
"9530","10.10.1983",1053.5,0.0126088211673942
"9531","07.10.1983",1043.8,-0.0092500540349309
"9532","06.10.1983",1040.9,-0.00278217668789009
"9533","05.10.1983",1026,-0.0144179767907079
"9534","04.10.1983",1017.6,-0.00822083314485713
"9535","03.10.1983",1015,-0.00255830110997001
"9536","30.09.1983",1017.6,0.00255830110996998
"9537","29.09.1983",1024.2,0.00646490644259222
"9538","28.09.1983",1028.3,0.00399513320669495
"9539","27.09.1983",1030.6,0.00223420365897885
"9540","26.09.1983",1040.3,0.00936797618272563
"9541","23.09.1983",1037,-0.0031772038473222
"9542","22.09.1983",1038.3,0.00125283107988085
"9543","21.09.1983",1030.5,-0.00754063897889451
"9544","20.09.1983",1035,0.00435730536895563
"9545","19.09.1983",1026.6,-0.00814905557326673
"9546","16.09.1983",1016.9,-0.00949358732911102
"9547","15.09.1983",1006.9,-0.00988247987552258
"9548","14.09.1983",1011.9,0.00495344781414493
"9549","13.09.1983",1008.8,-0.00306824608500444
"9550","12.09.1983",1013.6,0.00474684435621948
"9551","09.09.1983",1020.8,0.00707828358359607
"9552","08.09.1983",1025.1,0.00420353519883033
"9553","07.09.1983",1025.2,9.75467005604205e-05
"9554","06.09.1983",1024,-0.00117118889046298
"9555","05.09.1983",1024,0
"9556","02.09.1983",1007.5,-0.016244511778615
"9557","01.09.1983",1002.7,-0.00477565329095829
"9558","31.08.1983",1003.3,0.000598205401687349
"9559","30.08.1983",993.6,-0.00971513475235267
"9560","29.08.1983",991.8,-0.00181323712418094
"9561","26.08.1983",991.8,0
"9562","25.08.1983",985.3,-0.00657531072660461
"9563","24.08.1983",988,0.00273653441943895
"9564","23.08.1983",996.8,0.00886745028532094
"9565","22.08.1983",1005.6,0.00878950924284907
"9566","19.08.1983",1003.7,-0.00189120645628307
"9567","18.08.1983",1001.7,-0.0019946152020361
"9568","17.08.1983",1009.9,0.00815275941479255
"9569","16.08.1983",998.8,-0.0110520366268931
"9570","15.08.1983",1001.3,0.00249987630813896
"9571","12.08.1983",992.2,-0.00912973484680855
"9572","11.08.1983",987.6,-0.0046469423959241
"9573","10.08.1983",986.5,-0.00111443200835441
"9574","09.08.1983",978.4,-0.00824474108970745
"9575","08.08.1983",974.8,-0.00368626262191144
"9576","05.08.1983",989.7,0.0151695451515944
"9577","04.08.1983",986.8,-0.00293448224744393
"9578","03.08.1983",998.5,0.0117867682006683
"9579","02.08.1983",992,-0.00653104557099716
"9580","01.08.1983",993,0.00100755676029977
"9581","29.07.1983",996.8,0.00381948398801612
"9582","28.07.1983",1012,0.0151337018142222
"9583","27.07.1983",1027.1,0.0148107263243477
"9584","26.07.1983",1042.4,0.0147864496388768
"9585","25.07.1983",1037,-0.0051938175811081
"9586","22.07.1983",1033.5,-0.00338082910770441
"9587","21.07.1983",1034,0.000483675946551403
"9588","20.07.1983",1034.5,0.000483442117223375
"9589","19.07.1983",1009.6,-0.024364005398649
"9590","18.07.1983",1004.1,-0.00546259490155805
"9591","15.07.1983",1007.5,0.00338039693544751
"9592","14.07.1983",1017.5,0.0098766234959121
"9593","13.07.1983",1014,-0.00344573316562158
"9594","12.07.1983",1015.5,0.00147819686931097
"9595","11.07.1983",1030.3,0.0144689199305829
"9596","08.07.1983",1024.5,-0.00564533327206788
"9597","07.07.1983",1027.8,0.00321590687917482
"9598","06.07.1983",1033.4,0.00543374129495509
"9599","05.07.1983",1022,-0.0110928450894346
"9600","04.07.1983",1022,0
"9601","01.07.1983",1035.3,0.0129297480084177
"9602","30.06.1983",1030,-0.00513243754838594
"9603","29.06.1983",1021,-0.00877626305901585
"9604","28.06.1983",1016.3,-0.00461395802094485
"9605","27.06.1983",1033.5,0.0167825189781023
"9606","24.06.1983",1044.9,0.0109700869182423
"9607","23.06.1983",1045.1,0.000191387560392701
"9608","22.06.1983",1046.9,0.00172084172485133
"9609","21.06.1983",1043.7,-0.00306132449930329
"9610","20.06.1983",1035.8,-0.00759801683621504
"9611","17.06.1983",1036.2,0.000386100390896944
"9612","16.06.1983",1035.6,-0.000579206503305437
"9613","15.06.1983",1024,-0.0112644422779294
"9614","14.06.1983",1015.2,-0.00863088919927514
"9615","13.06.1983",1011.1,-0.00404679030282451
"9616","10.06.1983",998.7,-0.0123396928482644
"9617","09.06.1983",992.3,-0.00642895232889321
"9618","08.06.1983",989.4,-0.00292678212658756
"9619","07.06.1983",997.8,0.00845415663332874
"9620","06.06.1983",1008.7,0.0108647966338529
"9621","03.06.1983",1005.9,-0.00277970992049721
"9622","02.06.1983",1003.1,-0.00278745825085302
"9623","01.06.1983",995.3,-0.00780628463742172
"9624","31.05.1983",994.8,-0.000502487322768252
"9625","30.05.1983",994.8,0
"9626","27.05.1983",1006.9,0.0120898709923195
"9627","26.05.1983",1011.7,0.00475578029027562
"9628","25.05.1983",1015.2,0.00345355318833324
"9629","24.05.1983",1010.6,-0.00454142354236973
"9630","23.05.1983",998,-0.0125462165463442
"9631","20.05.1983",990.9,-0.00713965524661038
"9632","19.05.1983",990.4,-0.000504719134522026
"9633","18.05.1983",998,0.00764437438113229
"9634","17.05.1983",999,0.0010015023370896
"9635","16.05.1983",995.9,-0.0031079277109597
"9636","13.05.1983",1005.2,0.00929495473184329
"9637","12.05.1983",1000.8,-0.00438684651673585
"9638","11.05.1983",1004.4,0.00359066813072854
"9639","10.05.1983",1009.8,0.00536194314138537
"9640","09.05.1983",1008.2,-0.0015857287762848
"9641","06.05.1983",1009.5,0.0012885961043616
"9642","05.05.1983",998.2,-0.0112567807173833
"9643","04.05.1983",991.4,-0.00683557144903537
"9644","03.05.1983",984.8,-0.00667951071622984
"9645","02.05.1983",983.8,-0.00101595050900434
"9646","29.04.1983",996.8,0.0131275236719493
"9647","28.04.1983",988.6,-0.00826034716032967
"9648","27.04.1983",980,-0.00873722920824139
"9649","26.04.1983",981.6,0.0016313217320841
"9650","25.04.1983",965.3,-0.0167449595421324
"9651","22.04.1983",974.4,0.00938296310106322
"9652","21.04.1983",972.3,-0.00215749814002124
"9653","20.04.1983",975.8,0.00359324856612549
"9654","19.04.1983",964.1,-0.012062623711402
"9655","18.04.1983",969.7,0.00579172164016582
"9656","15.04.1983",964.1,-0.00579172164016585
"9657","14.04.1983",960.5,-0.00374104146172334
"9658","13.04.1983",952.1,-0.00878391091696559
"9659","12.04.1983",945.9,-0.0065332160725209
"9660","11.04.1983",941.8,-0.00434391740967064
"9661","08.04.1983",929.1,-0.0135765621621873
"9662","07.04.1983",923.3,-0.00626216686868464
"9663","06.04.1983",919.6,-0.00401541588955568
"9664","05.04.1983",924.9,0.00574683067118774
"9665","04.04.1983",931.1,0.00668105933426983
"9666","01.04.1983",931.1,0
"9667","31.03.1983",930.8,-0.000322251466347464
"9668","30.03.1983",932.2,0.00150295251050407
"9669","29.03.1983",922.5,-0.0104600080239583
"9670","28.03.1983",923.5,0.00108342372461245
"9671","25.03.1983",928.5,0.00539958115346578
"9672","24.03.1983",932.6,0.00440600358145994
"9673","23.03.1983",928.9,-0.00397529398074538
"9674","22.03.1983",916.8,-0.013111744433
"9675","21.03.1983",919.6,0.00304944692855139
"9676","18.03.1983",913.3,-0.0068743791913933
"9677","17.03.1983",911.7,-0.00175342510677606
"9678","16.03.1983",913.9,0.00241016768729889
"9679","15.03.1983",922.2,0.0090409634944494
"9680","14.03.1983",919.8,-0.00260586466678179
"9681","11.03.1983",923,0.00347297939702871
"9682","10.03.1983",926.8,0.00410855805536894
"9683","09.03.1983",932.9,0.00656022140869421
"9684","08.03.1983",924.1,-0.00947772307292056
"9685","07.03.1983",937.5,0.0143964669505712
"9686","04.03.1983",937.2,-0.000320051210925276
"9687","03.03.1983",935.6,-0.00170867192361671
"9688","02.03.1983",928.2,-0.00794080790294852
"9689","01.03.1983",919.2,-0.00974350027252948
"9690","28.02.1983",903.6,-0.0171169419406978
"9691","25.02.1983",913,0.0103490960011203
"9692","24.02.1983",912,-0.00109589052063711
"9693","23.02.1983",896,-0.017699577099401
"9694","22.02.1983",888.9,-0.00795566972730126
"9695","21.02.1983",888.9,0
"9696","18.02.1983",903.4,0.0161806799728744
"9697","17.02.1983",900.1,-0.00365955495746422
"9698","16.02.1983",900.7,0.000666370526657694
"9699","15.02.1983",906,0.00586706725328222
"9700","14.02.1983",908.2,0.00242531262087137
"9701","11.02.1983",900.7,-0.00829237987415365
"9702","10.02.1983",899.8,-0.000999722382625281
"9703","09.02.1983",886,-0.0154555658019909
"9704","08.02.1983",889.9,0.00439214625773557
"9705","07.02.1983",896.3,0.00716608150049953
"9706","04.02.1983",891.3,-0.00559410722664432
"9707","03.02.1983",880.4,-0.012304721484365
"9708","02.02.1983",874.1,-0.00718156406586426
"9709","01.02.1983",873.5,-0.000686656012331029
"9710","31.01.1983",885.5,0.0136443276487771
"9711","28.01.1983",881.3,-0.00475436711727353
"9712","27.01.1983",879.4,-0.00215823335890497
"9713","26.01.1983",864.2,-0.0174356332488769
"9714","25.01.1983",865.1,0.00104088368849575
"9715","24.01.1983",855.6,-0.0110421299780781
"9716","21.01.1983",879.5,0.0275505869693623
"9717","20.01.1983",893.6,0.015904683577378
"9718","19.01.1983",888.1,-0.0061738984905325
"9719","18.01.1983",894.8,0.00751588035151614
"9720","17.01.1983",896.5,0.00189806342921308
"9721","14.01.1983",895.3,-0.00133943540507736
"9722","13.01.1983",889.9,-0.00604976077729375
"9723","12.01.1983",895.1,0.00582634701407687
"9724","11.01.1983",889.4,-0.0063883658002973
"9725","10.01.1983",894.8,0.00605315153937845
"9726","07.01.1983",884.7,-0.0113516251266342
"9727","06.01.1983",885.1,0.00045202848549093
"9728","05.01.1983",864.5,-0.0235493278514861
"9729","04.01.1983",859.5,-0.00580048030044124
"9730","03.01.1983",843.7,-0.0185538436513229
"9731","31.12.1982",856.8,0.0154075379619578
"9732","30.12.1982",854.3,-0.00292209897596604
"9733","29.12.1982",858.7,0.00513719752086625
"9734","28.12.1982",855.8,-0.00338291369572272
"9735","27.12.1982",863.1,0.00849385524289548
"9736","24.12.1982",863.1,0
"9737","23.12.1982",850,-0.0152942097412498
"9738","22.12.1982",844.5,-0.00649161323650737
"9739","21.12.1982",843.2,-0.0015405584607568
"9740","20.12.1982",830.5,-0.0151762487337484
"9741","17.12.1982",837.4,0.00827392453169341
"9742","16.12.1982",825.2,-0.0146760723879461
"9743","15.12.1982",825.7,0.000605730226286201
"9744","14.12.1982",838.7,0.0156215625669829
"9745","13.12.1982",853,0.0169064735013133
"9746","10.12.1982",851.1,-0.00222991700876374
"9747","09.12.1982",854,0.00340156330565451
"9748","08.12.1982",864.2,0.0118730297092629
"9749","07.12.1982",868.4,0.00484821450630385
"9750","06.12.1982",862.9,-0.0063536284898749
"9751","03.12.1982",846.4,-0.0193067484102269
"9752","02.12.1982",847.2,0.000944733183161888
"9753","01.12.1982",847.3,0.000118028917221564
"9754","30.11.1982",845.4,-0.00224493507172883
"9755","29.11.1982",821.9,-0.0281911549782352
"9756","26.11.1982",826.2,0.00521814180820997
"9757","25.11.1982",826.2,0
"9758","24.11.1982",820.5,-0.00692296443251861
"9759","23.11.1982",815.5,-0.00611248846907702
"9760","22.11.1982",823.2,0.0093977624587713
"9761","19.11.1982",838.7,0.0186538894705259
"9762","18.11.1982",845.7,0.00831161279781066
"9763","17.11.1982",842.4,-0.00390972596841084
"9764","16.11.1982",827.9,-0.0173625866750056
"9765","15.11.1982",838.7,0.0129606998456056
"9766","12.11.1982",853.3,0.0172581115521732
"9767","11.11.1982",864.5,0.0130401195808061
"9768","10.11.1982",861,-0.00405680069561443
"9769","09.11.1982",870.8,0.0113178249326614
"9770","08.11.1982",855.8,-0.0173756253776759
"9771","05.11.1982",865.3,0.0110395636299766
"9772","04.11.1982",862.7,-0.00300926153015997
"9773","03.11.1982",867.6,0.00566377287018624
"9774","02.11.1982",836.6,-0.0363847199446212
"9775","01.11.1982",823.9,-0.0152968956865538
"9776","29.10.1982",813.7,-0.0124574156189327
"9777","28.10.1982",812.8,-0.00110667087839422
"9778","27.10.1982",821.4,0.0105251246982408
"9779","26.10.1982",815.3,-0.00745405785359317
"9780","25.10.1982",810.5,-0.00590480249313428
"9781","22.10.1982",842.5,0.038722321050786
"9782","21.10.1982",842.9,0.00047466477691959
"9783","20.10.1982",843.8,0.0010671726868019
"9784","19.10.1982",828.5,-0.0182986628236207
"9785","18.10.1982",829,0.000603318268677381
"9786","15.10.1982",811.4,-0.0214590043629482
"9787","14.10.1982",816.6,0.00638822811312864
"9788","13.10.1982",827.9,0.0137429952592847
"9789","12.10.1982",813.7,-0.0173006264421486
"9790","11.10.1982",813.2,-0.000614665948420046
"9791","08.10.1982",793,-0.0251538601193437
"9792","07.10.1982",780,-0.0165293019512106
"9793","06.10.1982",763.4,-0.0215117793725081
"9794","05.10.1982",740.8,-0.0300514569791598
"9795","04.10.1982",737.7,-0.00419344544171293
"9796","01.10.1982",740.3,0.00351827155879593
"9797","30.09.1982",731.5,-0.0119582889888736
"9798","29.09.1982",737.8,0.0085755647023961
"9799","28.09.1982",747.6,0.0131952904188326
"9800","27.09.1982",749.5,0.00253824196124467
"9801","24.09.1982",748.1,-0.00186965866429318
"9802","23.09.1982",750.5,0.00320299219515745
"9803","22.09.1982",751.8,0.00173068005656081
"9804","21.09.1982",755.9,0.00543876116805338
"9805","20.09.1982",742.8,-0.0174822628195804
"9806","17.09.1982",743.8,0.00134535201241885
"9807","16.09.1982",750.7,0.00923392308798703
"9808","15.09.1982",752.7,0.00266063746152967
"9809","14.09.1982",746.2,-0.00867308125342878
"9810","13.09.1982",740.5,-0.00766802707920405
"9811","10.09.1982",733.9,-0.00895285415683634
"9812","09.09.1982",739.8,0.00800709984733638
"9813","08.09.1982",740.4,0.000810701300988861
"9814","07.09.1982",735.5,-0.00664004065785021
"9815","06.09.1982",735.5,0
"9816","03.09.1982",742.9,0.0100109061162683
"9817","02.09.1982",729.4,-0.0183391677831807
"9818","01.09.1982",718,-0.0157527093263556
"9819","31.08.1982",724.7,0.00928820706701159
"9820","30.08.1982",713.9,-0.015014879606821
"9821","27.08.1982",710.9,-0.00421112357297742
"9822","26.08.1982",719.1,0.0114686571730111
"9823","25.08.1982",712.6,-0.00908017693671265
"9824","24.08.1982",698.9,-0.0194125826886524
"9825","23.08.1982",701.7,0.00399829177515986
"9826","20.08.1982",683.6,-0.0261330110168073
"9827","19.08.1982",661.6,-0.0327118075319543
"9828","18.08.1982",659,-0.0039376092069744
"9829","17.08.1982",659.9,0.0013647738868687
"9830","16.08.1982",631.8,-0.0435154200213912
"9831","13.08.1982",629.6,-0.0034881912647912
"9832","12.08.1982",621.7,-0.0126270358279015
"9833","11.08.1982",623.3,0.00257028253951297
"9834","10.08.1982",625.2,0.00304365473251687
"9835","09.08.1982",626.5,0.00207717578880134
"9836","06.08.1982",631.2,0.00747399519554161
"9837","05.08.1982",639.1,0.0124381671245715
"9838","04.08.1982",644.7,0.00872415566033843
"9839","03.08.1982",654.6,0.0152392697505056
"9840","02.08.1982",660.8,0.00942686013968802
"9841","30.07.1982",650.4,-0.0158636639731674
"9842","29.07.1982",653.8,0.00521393605650939
"9843","28.07.1982",654.2,0.00061162081417333
"9844","27.07.1982",664.5,0.0156217630490164
"9845","26.07.1982",669.8,0.00794428220680416
"9846","23.07.1982",674.6,0.00714076226744573
"9847","22.07.1982",676.2,0.00236896764623582
"9848","21.07.1982",675.7,-0.000739699715656676
"9849","20.07.1982",676.2,0.000739699715656694
"9850","19.07.1982",671.8,-0.00652821309559342
"9851","16.07.1982",673.2,0.00208178513845863
"9852","15.07.1982",670.2,-0.00446628701344097
"9853","14.07.1982",670,-0.0002984629181983
"9854","13.07.1982",665.1,-0.00734030709463624
"9855","12.07.1982",665.7,0.000901713316282514
"9856","09.07.1982",662.3,-0.0051204931157243
"9857","08.07.1982",653.6,-0.0132230819451406
"9858","07.07.1982",652.4,-0.00183767279893441
"9859","06.07.1982",653.3,0.00137857109984592
"9860","05.07.1982",653.3,0
"9861","02.07.1982",655.5,0.00336186135704995
"9862","01.07.1982",661,0.00835553664793184
"9863","30.06.1982",666.4,0.00813625100094651
"9864","29.06.1982",669.1,0.0040434349361385
"9865","28.06.1982",669.2,0.000149443323897782
"9866","25.06.1982",663.2,-0.00900636529158372
"9867","24.06.1982",667.4,0.00631296249618832
"9868","23.06.1982",668.9,0.00224500580708883
"9869","22.06.1982",658.6,-0.0155182021820984
"9870","21.06.1982",652.7,-0.00899876430109214
"9871","18.06.1982",652.8,0.00015319800872547
"9872","17.06.1982",655.2,0.00366972888896262
"9873","16.06.1982",662.7,0.0113818665553215
"9874","15.06.1982",666.7,0.00601777052983317
"9875","14.06.1982",668.8,0.00314489214647735
"9876","11.06.1982",676.1,0.0108559323261404
"9877","10.06.1982",665.8,-0.0153516689557077
"9878","09.06.1982",662.8,-0.00451603958851676
"9879","08.06.1982",667,0.00631676036321596
"9880","07.06.1982",670,0.00448766646938798
"9881","04.06.1982",670.6,0.000895121647116509
"9882","03.06.1982",681.2,0.0156831147564052
"9883","02.06.1982",682.5,0.00190657827058145
"9884","01.06.1982",680.6,-0.00278776499230941
"9885","28.05.1982",682.5,0.00278776499230947
"9886","27.05.1982",686,0.00511510066677041
"9887","26.05.1982",689.2,0.00465387692788936
"9888","25.05.1982",697.3,0.0116842295731905
"9889","24.05.1982",699.7,0.00343593752488604
"9890","21.05.1982",700.6,0.00128543901153541
"9891","20.05.1982",698.8,-0.00257253250348501
"9892","19.05.1982",701.3,0.00357117728296318
"9893","18.05.1982",706.8,0.00781198490267659
"9894","17.05.1982",712.3,0.00775143053876673
"9895","14.05.1982",720.2,0.0110297802304669
"9896","13.05.1982",721.1,0.00124887270793901
"9897","12.05.1982",726.3,0.00718532868940847
"9898","11.05.1982",727.5,0.00165084643352521
"9899","10.05.1982",721.3,-0.00855885953602074
"9900","07.05.1982",727,0.00787133802389255
"9901","06.05.1982",722.3,-0.00648591247671829
"9902","05.05.1982",716.4,-0.00820189487024433
"9903","04.05.1982",715.1,-0.00181627713220633
"9904","03.05.1982",711.2,-0.00546870885465546
"9905","30.04.1982",709.3,-0.00267511599165393
"9906","29.04.1982",707.9,-0.00197572742789746
"9907","28.04.1982",714.3,0.00900020138078315
"9908","27.04.1982",718.5,0.00586266335815292
"9909","26.04.1982",725.3,0.00941965685028708
"9910","23.04.1982",721.7,-0.00497582229113899
"9911","22.04.1982",713.6,-0.0112869588124279
"9912","21.04.1982",705.4,-0.0115575634638481
"9913","20.04.1982",703.7,-0.00241288882944832
"9914","19.04.1982",710.5,0.00961681856465209
"9915","16.04.1982",711.2,0.00098473666253956
"9916","15.04.1982",708,-0.00450959050597515
"9917","14.04.1982",705,-0.0042462908814511
"9918","13.04.1982",705.9,0.00127578158915774
"9919","12.04.1982",705.9,0
"9920","09.04.1982",705.9,0
"9921","08.04.1982",707.3,0.00198131964051767
"9922","07.04.1982",703,-0.0060980122312793
"9923","06.04.1982",702.2,-0.00113862807633302
"9924","05.04.1982",698.3,-0.00556945388234242
"9925","02.04.1982",700.2,0.00271719866857584
"9926","01.04.1982",692.5,-0.0110577704590718
"9927","31.03.1982",682.2,-0.0149853680769482
"9928","30.03.1982",683.6,0.00205008125689053
"9929","29.03.1982",683.6,0
"9930","26.03.1982",682.3,-0.00190350742005796
"9931","25.03.1982",688.9,0.00962667877777235
"9932","24.03.1982",687.3,-0.00232524447159071
"9933","23.03.1982",690.5,0.00464509472178738
"9934","22.03.1982",685.8,-0.00682993282052686
"9935","19.03.1982",672.7,-0.0192865749972598
"9936","18.03.1982",671,-0.00253032805987843
"9937","17.03.1982",663.4,-0.0113910104587298
"9938","16.03.1982",664.5,0.00165675164034804
"9939","15.03.1982",664.9,0.000601775255109281
"9940","12.03.1982",661.1,-0.00573153906887681
"9941","11.03.1982",665.9,0.00723439477704424
"9942","10.03.1982",666.6,0.00105065675706279
"9943","09.03.1982",663.1,-0.00526435749881735
"9944","08.03.1982",655.9,-0.0109174700751322
"9945","05.03.1982",667.6,0.0176808534879904
"9946","04.03.1982",671.4,0.00567589275825453
"9947","03.03.1982",678.2,0.0100771451456038
"9948","02.03.1982",688.8,0.0155087234219827
"9949","01.03.1982",691.9,0.00449048339124428
"9950","26.02.1982",690.8,-0.00159109023224185
"9951","25.02.1982",691.6,0.00115740753661208
"9952","24.02.1982",692,0.000578201808534151
"9953","23.02.1982",681.4,-0.0154364503908034
"9954","22.02.1982",682.5,0.00161302183224875
"9955","19.02.1982",691.8,0.0135343694439535
"9956","18.02.1982",695.5,0.0053341148604294
"9957","17.02.1982",694.8,-0.00100697699654778
"9958","16.02.1982",696.5,0.00244375885291058
"9959","15.02.1982",696.5,0
"9960","12.02.1982",698.8,0.00329678504004107
"9961","11.02.1982",699,0.000286163973908884
"9962","10.02.1982",700.1,0.00157243974934168
"9963","09.02.1982",695.1,-0.00716746187671171
"9964","08.02.1982",701.3,0.00888003543642446
"9965","05.02.1982",716.8,0.0218611061178559
"9966","04.02.1982",711.6,-0.00728090586904054
"9967","03.02.1982",712.8,0.00168492036491945
"9968","02.02.1982",720.8,0.0111608301375286
"9969","01.02.1982",719.1,-0.00236127618567971
"9970","29.01.1982",733.7,0.0200997956115003
"9971","28.01.1982",725.2,-0.0116527468392525
"9972","27.01.1982",706.1,-0.0266906083583948
"9973","26.01.1982",703,-0.00439997871163632
"9974","25.01.1982",704.6,0.00227337409647232
"9975","22.01.1982",706.1,0.00212660461516393
"9976","21.01.1982",708.4,0.00325203538637732
"9977","20.01.1982",706.3,-0.00296882949380188
"9978","19.01.1982",710.5,0.00592887112227887
"9979","18.01.1982",717.3,0.00952521559523338
"9980","15.01.1982",712.8,-0.00629328697578918
"9981","14.01.1982",708,-0.00675678246287976
"9982","13.01.1982",704.5,-0.00495576235498488
"9983","12.01.1982",713.2,0.0122735546502505
"9984","11.01.1982",716.5,0.00461636127924105
"9985","08.01.1982",733.4,0.0233130083689992
"9986","07.01.1982",729.8,-0.00492073163487836
"9987","06.01.1982",731.5,0.00232669645783169
"9988","05.01.1982",737.2,0.00776200533548933
"9989","04.01.1982",752.8,0.0209403624755015
"9990","31.12.1981",751.9,-0.00119625188718866
"9991","30.12.1981",749.7,-0.00293020987496472
"9992","29.12.1981",746.3,-0.00454546237167472
"9993","25.12.1981",750.1,0.00507886683824891
"9994","24.12.1981",751.9,0.00239680540839051
"9995","23.12.1981",750.4,-0.00199693869196633
"9996","22.12.1981",753.6,0.00425532557013849
"9997","21.12.1981",756.3,0.00357639959983049
"9998","18.12.1981",759.9,0.00474872281375543
"9999","17.12.1981",754.7,-0.00686652638491637
"10000","16.12.1981",751.4,-0.00438218615095429
"10001","15.12.1981",754.4,0.00398459817937913
"10002","14.12.1981",753.3,-0.00145917648759875
"10003","11.12.1981",765.9,0.0165880580838988
"10004","10.12.1981",770.2,0.00559860846526082
"10005","09.12.1981",768.6,-0.00207954325006495
"10006","08.12.1981",765.1,-0.00456413389293742
"10007","07.12.1981",768.2,0.00404357167399838
"10008","04.12.1981",774.4,0.00803842005056267
"10009","03.12.1981",768.2,-0.00803842005056276
"10010","02.12.1981",765.5,-0.00352090081406609
"10011","01.12.1981",773.8,0.0107842271686741
"10012","30.11.1981",775.8,0.00258131273945429
"10013","26.11.1981",768.8,-0.00906389734978406
"10014","25.11.1981",762.9,-0.00770389655989908
"10015","24.11.1981",759.7,-0.00420334258700766
"10016","23.11.1981",749.8,-0.0131171142073643
"10017","20.11.1981",750.7,0.00119960027714525
"10018","19.11.1981",744,-0.00896506974586486
"10019","18.11.1981",740.5,-0.00471540112523844
"10020","17.11.1981",744.3,0.00511854565801147
"10021","16.11.1981",740.1,-0.00565886716244418
"10022","13.11.1981",749.2,0.0122206583665127
"10023","12.11.1981",758,0.0116774150724382
"10024","11.11.1981",756.4,-0.00211304885806928
"10025","10.11.1981",755.2,-0.00158772195301136
"10026","09.11.1981",757.8,0.00343688375320933
"10027","06.11.1981",754.2,-0.00476191376024359
"10028","05.11.1981",759.1,0.00647593619846572
"10029","04.11.1981",765.3,0.0081343927931527
"10030","03.11.1981",765.3,0
"10031","02.11.1981",761.8,-0.00458385977137171
"10032","30.10.1981",746.9,-0.0197527466814827
"10033","29.10.1981",730.5,-0.0222020761722668
"10034","28.10.1981",733.2,0.00368928477479586
"10035","27.10.1981",731.7,-0.00204792207556565
"10036","26.10.1981",725.2,-0.00892311500928829
"10037","23.10.1981",727.8,0.00357880629736344
"10038","22.10.1981",733.7,0.00807394054188936
"10039","21.10.1981",736.6,0.00394477829101633
"10040","20.10.1981",737.5,0.00122108420300999
"10041","19.10.1981",729.8,-0.0104955642116276
"10042","16.10.1981",731,0.00164293574743121
"10043","15.10.1981",733.7,0.00368676597017016
"10044","14.10.1981",729.3,-0.00601505572976137
"10045","13.10.1981",740.9,0.0157804934324238
"10046","12.10.1981",742.4,0.00202251804937956
"10047","09.10.1981",743.7,0.00174954623726387
"10048","08.10.1981",748,0.00576525026522261
"10049","07.10.1981",741.5,-0.00872781639649044
"10050","06.10.1981",729.9,-0.0157676231204002
"10051","05.10.1981",729.6,-0.0004110996974649
"10052","02.10.1981",728.1,-0.00205803735945619
"10053","01.10.1981",713.7,-0.0199756954236437
"10054","30.09.1981",708.4,-0.00745380006834328
"10055","29.09.1981",706.8,-0.00226116546313718
"10056","28.09.1981",702.4,-0.00624469812463438
"10057","25.09.1981",686.9,-0.022314321101071
"10058","24.09.1981",702.3,0.0221719419451388
"10059","23.09.1981",705.7,0.0048295548418099
"10060","22.09.1981",713,0.0102912024075112
"10061","21.09.1981",716,0.00419874654634976
"10062","18.09.1981",711.3,-0.00658588522117614
"10063","17.09.1981",717.2,0.00826045999150853
"10064","16.09.1981",727.7,0.014534133622063
"10065","15.09.1981",733.2,0.00752964061250925
"10066","14.09.1981",737.9,0.00638979809877099
"10067","11.09.1981",743.5,0.00756045183588876
"10068","10.09.1981",734.8,-0.0117704125592392
"10069","09.09.1981",724.1,-0.0146688489461955
"10070","08.09.1981",721.5,-0.00359712618084959
"10071","04.09.1981",735.4,0.0190821906532459
"10072","03.09.1981",742.8,0.0100122606113791
"10073","02.09.1981",756.7,0.0185400442219252
"10074","01.09.1981",753.7,-0.00397246285105169
"10075","31.08.1981",752.8,-0.00119482257825449
"10076","28.08.1981",761,0.010833769590516
"10077","27.08.1981",757.8,-0.00421385927718547
"10078","26.08.1981",766.5,0.0114151997273685
"10079","25.08.1981",767.4,0.0011734795009832
"10080","24.08.1981",771,0.0046801957504775
"10081","21.08.1981",794.1,0.0295210243378359
"10082","20.08.1981",802.3,0.0102732048584448
"10083","19.08.1981",800.8,-0.0018713747585995
"10084","18.08.1981",798.8,-0.00250062645935065
"10085","17.08.1981",806.6,0.00971728089760769
"10086","14.08.1981",814.2,0.0093781536296108
"10087","13.08.1981",819.8,0.00685437200135851
"10088","12.08.1981",818.6,-0.00146484401193447
"10089","11.08.1981",821,0.00292754539412564
"10090","10.08.1981",813.1,-0.00966900623863634
"10091","07.08.1981",809.7,-0.00419029452172313
"10092","06.08.1981",814.2,0.00554222737680977
"10093","05.08.1981",813.2,-0.00122895431468684
"10094","04.08.1981",804,-0.0113778125752253
"10095","03.08.1981",800.4,-0.00448766646938802
"10096","31.07.1981",803.1,0.0033676364848383
"10097","30.07.1981",797.4,-0.0071228042471619
"10098","29.07.1981",792.5,-0.00616392919581891
"10099","28.07.1981",792.4,-0.00012619092703989
"10100","27.07.1981",796.4,0.00503525736564543
"10101","24.07.1981",788.8,-0.00958876890161556
"10102","23.07.1981",782.6,-0.00789109351211345
"10103","22.07.1981",781.4,-0.00153452715534189
"10104","21.07.1981",788.7,0.00929883778297518
"10105","20.07.1981",791.3,0.00329114221120227
"10106","17.07.1981",803.2,0.0149265863223171
"10107","16.07.1981",800.4,-0.00349214622788651
"10108","15.07.1981",799.4,-0.00125015643235518
"10109","14.07.1981",795.8,-0.00451354828439491
"10110","13.07.1981",796,0.000251287851554792
"10111","10.07.1981",794.6,-0.00176034246388444
"10112","09.07.1981",793.7,-0.00113328728366865
"10113","08.07.1981",787.7,-0.00758824938755123
"10114","07.07.1981",786.6,-0.00139744671156955
"10115","06.07.1981",782.3,-0.00548156130667433
"10116","02.07.1981",790.2,0.0100477792862556
"10117","01.07.1981",796.9,0.00844312242641209
"10118","30.06.1981",805.2,0.0103614933619341
"10119","29.06.1981",809.7,0.00557311492643227
"10120","26.06.1981",813.9,0.00517369964092708
"10121","25.06.1981",815.3,0.00171863533586925
"10122","24.06.1981",814.2,-0.00135010759998659
"10123","23.06.1981",818.6,0.00538952798942406
"10124","22.06.1981",809.8,-0.010808260460242
"10125","19.06.1981",811.5,0.0020970833565853
"10126","18.06.1981",807.8,-0.00456988382533345
"10127","17.06.1981",817.8,0.0123033048012295
"10128","16.06.1981",812.1,-0.00699432264217668
"10129","15.06.1981",821,0.0108996241640631
"10130","12.06.1981",820.5,-0.000609198922282649
"10131","11.06.1981",820.8,0.000365563886359402
"10132","10.06.1981",811.8,-0.0110254700117077
"10133","09.06.1981",809.3,-0.00308432790314117
"10134","08.06.1981",811.6,0.00283793145000353
"10135","05.06.1981",811.3,-0.000369708550640459
"10136","04.06.1981",803.8,-0.00928741738591859
"10137","03.06.1981",802.2,-0.00199252867914817
"10138","02.06.1981",802.4,0.000249283311773088
"10139","01.06.1981",813.2,0.0133698451064658
"10140","29.05.1981",814.1,0.0011061268257404
"10141","28.05.1981",818.8,0.00575664520720238
"10142","27.05.1981",820.3,0.00183027322156964
"10143","26.05.1981",814.7,-0.00685017969210802
"10144","22.05.1981",806.3,-0.0103640656256198
"10145","21.05.1981",808.3,0.00247739504882236
"10146","20.05.1981",809.2,0.00111282855379188
"10147","19.05.1981",808.6,-0.000741748086919948
"10148","18.05.1981",811.3,0.00333354219434878
"10149","15.05.1981",809.3,-0.00246822289936314
"10150","14.05.1981",803.8,-0.00681919448655542
"10151","13.05.1981",799,-0.00598953624882597
"10152","12.05.1981",799.4,0.000500500510948455
"10153","11.05.1981",793.6,-0.00728189030656007
"10154","08.05.1981",805,0.0142627214479004
"10155","07.05.1981",804.5,-0.000621310986125483
"10156","06.05.1981",799.4,-0.0063595201552148
"10157","05.05.1981",796.2,-0.00401103571100626
"10158","04.05.1981",798.5,0.00288455708885031
"10159","01.05.1981",811.5,0.0161494192995788
"10160","30.04.1981",812.2,0.000862228297551508
"10161","29.04.1981",812.5,0.000369298951695023
"10162","28.04.1981",820,0.00918842605440617
"10163","27.04.1981",827.2,0.00874216349586589
"10164","24.04.1981",825.3,-0.00229954715552619
"10165","23.04.1981",818.2,-0.00864015110334028
"10166","22.04.1981",818.5,0.000366591315891255
"10167","21.04.1981",819,0.000610687041879727
"10168","20.04.1981",826.5,0.00911583340800941
"10169","16.04.1981",822.2,-0.00521624279730073
"10170","15.04.1981",819,-0.00389959061070872
"10171","14.04.1981",809.8,-0.0112967802550087
"10172","13.04.1981",813.5,0.00455862306103185
"10173","10.04.1981",822.4,0.0108809680418082
"10174","09.04.1981",822.6,0.000243161095423045
"10175","08.04.1981",820,-0.00316571553802496
"10176","07.04.1981",817.3,-0.00329811573621478
"10177","06.04.1981",817.2,-0.000122361578616933
"10178","03.04.1981",826.2,0.0109530120191971
"10179","02.04.1981",830.8,0.00555221703929297
"10180","01.04.1981",831.3,0.000601648535085264
"10181","31.03.1981",827.6,-0.00446079466565437
"10182","30.03.1981",818,-0.011667609268641
"10183","27.03.1981",820.4,0.00292968959547853
"10184","26.03.1981",829.3,0.0107899452589325
"10185","25.03.1981",833.4,0.00493174753119498
"10186","24.03.1981",819.7,-0.016575299329368
"10187","23.03.1981",824.9,0.00632374720770106
"10188","20.03.1981",815.1,-0.0119513617662742
"10189","19.03.1981",810.4,-0.00578285216593817
"10190","18.03.1981",814.1,0.00455525564545849
"10191","17.03.1981",812.2,-0.00233659332773461
"10192","16.03.1981",816.2,0.00491280771950795
"10193","13.03.1981",807,-0.0113357547017566
"10194","12.03.1981",806.5,-0.000619770704685266
"10195","11.03.1981",788.1,-0.0230789122056597
"10196","10.03.1981",790.2,0.00266109261768652
"10197","09.03.1981",794,0.00479738326984522
"10198","06.03.1981",787.3,-0.00847409105671428
"10199","05.03.1981",787.8,0.000634880346384083
"10200","04.03.1981",792.8,0.00632673247897275
"10201","03.03.1981",791.2,-0.00202020270727577
"10202","02.03.1981",799.2,0.0100604470258415
"10203","27.02.1981",794.4,-0.00602411460338101
"10204","26.02.1981",786.6,-0.00986725273325362
"10205","25.02.1981",776.8,-0.0125369430205941
"10206","24.02.1981",770.9,-0.00762425351189857
"10207","23.02.1981",770.2,-0.000908442084407887
"10208","20.02.1981",766.1,-0.00533751185803328
"10209","19.02.1981",766.9,0.00104370524803831
"10210","18.02.1981",778.1,0.0144986358520709
"10211","17.02.1981",774.2,-0.00502481247933671
"10212","13.02.1981",769.8,-0.00569949729390212
"10213","12.02.1981",772.4,0.00337180970471364
"10214","11.02.1981",776.8,0.00568036642275585
"10215","10.02.1981",782.2,0.0069275453442986
"10216","09.02.1981",783,0.00102223366938931
"10217","06.02.1981",791.2,0.0104180843176994
"10218","05.02.1981",785.7,-0.00697574012672642
"10219","04.02.1981",778.7,-0.00894917759883546
"10220","03.02.1981",777,-0.00218551221529298
"10221","02.02.1981",768.4,-0.0111299194732459
"10222","30.01.1981",785.3,0.0217553794864273
"10223","29.01.1981",789.8,0.0057139384717202
"10224","28.01.1981",790.7,0.0011388802243324
"10225","27.01.1981",795,0.00542348557745049
"10226","26.01.1981",787.2,-0.00985976891628816
"10227","23.01.1981",790.1,0.00367717399064391
"10228","22.01.1981",790.5,0.000506136920838981
"10229","21.01.1981",797.2,0.00843993168911301
"10230","20.01.1981",799.5,0.00288094393536931
"10231","19.01.1981",815.2,0.0194469496345061
"10232","16.01.1981",817.7,0.00306203925941656
"10233","15.01.1981",814.1,-0.00441231258799956
"10234","14.01.1981",809.4,-0.00578997613816692
"10235","13.01.1981",807.3,-0.00259788604079544
"10236","12.01.1981",809.1,0.0022271724128243
"10237","09.01.1981",808.3,-0.000989242073995395
"10238","08.01.1981",805.7,-0.00322181195664826
"10239","07.01.1981",817.2,0.0141723981603166
"10240","06.01.1981",836.8,0.0237012303671914
"10241","05.01.1981",836.2,-0.000717274388193699
"10242","02.01.1981",827.5,-0.0104587116712467
"10243","31.12.1980",823.3,-0.00508845294683772
"10244","30.12.1980",820.3,-0.00365052729567608
"10245","29.12.1980",818.8,-0.0018302732215698
"10246","26.12.1980",827.7,0.0108109161042157
"10247","24.12.1980",824.2,-0.00423755098663316
"10248","23.12.1980",820.9,-0.00401191955049655
"10249","22.12.1980",824.1,0.00389058241511749
"10250","19.12.1980",812.7,-0.0139298440101787
"10251","18.12.1980",807.8,-0.00604753462984674
"10252","17.12.1980",805,-0.00347222571074909
"10253","16.12.1980",791.7,-0.0166597452411753
"10254","15.12.1980",785.7,-0.00760749199561221
"10255","12.12.1980",784.2,-0.00191095032354467
"10256","11.12.1980",773,-0.0143850412708093
"10257","10.12.1980",780.1,0.00914306800684556
"10258","09.12.1980",793.5,0.0170314233721962
"10259","08.12.1980",794.3,0.00100768367262265
"10260","05.12.1980",815.9,0.0268305747956681
"10261","04.12.1980",831.1,0.0184583261242263
"10262","03.12.1980",833.3,0.00264359682918039
"10263","02.12.1980",834.4,0.00131918229840152
"10264","01.12.1980",837,0.00311116680291268
"10265","28.11.1980",856.7,0.0232637284805231
"10266","26.11.1980",854.2,-0.00292244056263215
"10267","25.11.1980",849.3,-0.00575287762140265
"10268","24.11.1980",842.4,-0.00815751996619783
"10269","21.11.1980",847.7,0.00627183879459413
"10270","20.11.1980",855.4,0.0090423961784483
"10271","19.11.1980",847.7,-0.00904239617844826
"10272","18.11.1980",851,0.00388532895901426
"10273","17.11.1980",838.7,-0.0145590545830083
"10274","14.11.1980",834.9,-0.00454111679041112
"10275","13.11.1980",830.9,-0.00480250652901915
"10276","12.11.1980",818.8,-0.0146695968838012
"10277","11.11.1980",799,-0.0244789080208598
"10278","10.11.1980",788.9,-0.0127213756652308
"10279","07.11.1980",786.2,-0.00342835711328386
"10280","06.11.1980",785.5,-0.000890755292084179
"10281","05.11.1980",799.8,0.0180412387170421
"10282","03.11.1980",786.3,-0.0170232974152476
"10283","31.10.1980",777.5,-0.0112547549440811
"10284","30.10.1980",770.3,-0.00930359469446919
"10285","29.10.1980",780.3,0.0128984117637955
"10286","28.10.1980",780.8,0.000640573976167247
"10287","27.10.1980",780.5,-0.000384295143395874
"10288","24.10.1980",792,0.0146266518589392
"10289","23.10.1980",789.8,-0.00278164296187691
"10290","22.10.1980",804.2,0.0180682456106246
"10291","21.10.1980",803.4,-0.000995272537991919
"10292","20.10.1980",808.3,0.00608055481461688
"10293","17.10.1980",802.8,-0.00682765981761556
"10294","16.10.1980",807.5,0.00583743817462861
"10295","15.10.1980",816.7,0.0113287752674184
"10296","14.10.1980",807,-0.0119481620942812
"10297","13.10.1980",806.6,-0.000495785830681044
"10298","10.10.1980",796.6,-0.0124752116917239
"10299","09.10.1980",800.6,0.00500877581092948
"10300","08.10.1980",803.8,0.00398903545662751
"10301","07.10.1980",799.9,-0.00486376216032453
"10302","06.10.1980",804,0.00511254932419018
"10303","03.10.1980",790.3,-0.0171866489680367
"10304","02.10.1980",782,-0.0105578796656185
"10305","01.10.1980",775.8,-0.00795998553944434
"10306","30.09.1980",765.3,-0.0136268411899914
"10307","29.09.1980",753.5,-0.0155388957493252
"10308","26.09.1980",771.8,0.0239964310369682
"10309","25.09.1980",787.2,0.0197568966345254
"10310","24.09.1980",796.6,0.0118703250095002
"10311","23.09.1980",791.4,-0.00654914179622003
"10312","22.09.1980",797.6,0.0078036896963047
"10313","19.09.1980",791,-0.00830925087997476
"10314","18.09.1980",786.3,-0.00595956877018359
"10315","17.09.1980",788.5,0.00279400740562274
"10316","16.09.1980",776.2,-0.0157221874682871
"10317","15.09.1980",769.2,-0.00905920522018123
"10318","12.09.1980",768.2,-0.00130089780282021
"10319","11.09.1980",768.1,-0.000130182907168149
"10320","10.09.1980",762.6,-0.00718628558117293
"10321","09.09.1980",757.5,-0.00671011003993918
"10322","08.09.1980",753.6,-0.00516181412137091
"10323","05.09.1980",762.7,0.0120030459080395
"10324","04.09.1980",765.6,0.00379507096855153
"10325","03.09.1980",768.8,0.0041710175173381
"10326","02.09.1980",753.7,-0.0198364468066584
"10327","29.08.1980",745.8,-0.0105369431047039
"10328","28.08.1980",743.9,-0.00255085054742467
"10329","27.08.1980",752.3,0.0112285633688802
"10330","26.08.1980",759.8,0.00992006018734938
"10331","25.08.1980",761.6,0.00236624272363046
"10332","22.08.1980",766.3,0.00615225449920289
"10333","21.08.1980",762,-0.00562718228971234
"10334","20.08.1980",750.8,-0.0148072509742926
"10335","19.08.1980",743.5,-0.00977053881214388
"10336","18.08.1980",748.1,0.0061678929781495
"10337","15.08.1980",762,0.0184098968082869
"10338","14.08.1980",759.3,-0.00354959946745825
"10339","13.08.1980",747.3,-0.0159302452829436
"10340","12.08.1980",749.9,0.00347315337109929
"10341","11.08.1980",755.5,0.00743991740545065
"10342","08.08.1980",748.7,-0.00904141247615466
"10343","07.08.1980",746.5,-0.0029427522573945
"10344","06.08.1980",736.3,-0.013757972604574
"10345","05.08.1980",731.3,-0.00681387209776565
"10346","04.08.1980",731.7,0.000546821613078891
"10347","01.08.1980",734.2,0.00341087717274958
"10348","31.07.1980",736.3,0.00285617331193714
"10349","30.07.1980",739.6,0.00447185513829868
"10350","29.07.1980",740.1,0.000675812690450951
"10351","28.07.1980",734.1,-0.00814005308668499
"10352","25.07.1980",730.6,-0.00477914475555353
"10353","24.07.1980",736.8,0.00845037057991496
"10354","23.07.1980",737.6,0.00108518730128698
"10355","22.07.1980",739.5,0.00257260990847037
"10356","21.07.1980",741.2,0.00229621226035038
"10357","18.07.1980",738.5,-0.00364939243977028
"10358","17.07.1980",735.2,-0.00447853092995715
"10359","16.07.1980",724.7,-0.0143847949262416
"10360","15.07.1980",722.7,-0.00276357782630038
"10361","14.07.1980",726.2,0.00483126069130003
"10362","11.07.1980",713.1,-0.0182037959459775
"10363","10.07.1980",707.9,-0.00731882225411448
"10364","09.07.1980",713.3,0.00759924850384889
"10365","08.07.1980",712.3,-0.00140291829968432
"10366","07.07.1980",714.6,0.00322377460500146
"10367","03.07.1980",709.2,-0.00758537138925661
"10368","02.07.1980",699.6,-0.0136288310556059
"10369","01.07.1980",695,-0.00659689757965493
"10370","30.06.1980",690.9,-0.00591675007004293
"10371","27.06.1980",701.5,0.0152258040477665
"10372","26.06.1980",702.5,0.00142450166538522
"10373","25.06.1980",705.5,0.00426137008496789
"10374","24.06.1980",696.2,-0.0132697959155301
"10375","23.06.1980",692.2,-0.0057620441760946
"10376","20.06.1980",689.4,-0.00405327711847896
"10377","19.06.1980",692.9,0.00506403455057051
"10378","18.06.1980",701.7,0.0126202736249076
"10379","17.06.1980",700.5,-0.00171159648118138
"10380","16.06.1980",700.6,0.000142744986324821
"10381","13.06.1980",699.2,-0.00200028642206068
"10382","12.06.1980",697,-0.00315141358080185
"10383","11.06.1980",699.7,0.00386626099132719
"10384","10.06.1980",691.8,-0.0113547752487828
"10385","09.06.1980",686.7,-0.00739938087643746
"10386","06.06.1980",683.8,-0.00423203842142996
"10387","05.06.1980",680.7,-0.00454379675129503
"10388","04.06.1980",679.3,-0.00205882425664965
"10389","03.06.1980",667.3,-0.0178231362876954
"10390","02.06.1980",668.5,0.00179667663243701
"10391","30.05.1980",670.8,0.00343463340705592
"10392","29.05.1980",665.8,-0.00748170480812925
"10393","28.05.1980",675.5,0.0144638322593291
"10394","27.05.1980",671.4,-0.00608807285431903
"10395","23.05.1980",666.7,-0.00702491492192016
"10396","22.05.1980",657.6,-0.0137433258820442
"10397","21.05.1980",649.4,-0.0125479840732247
"10398","20.05.1980",648.7,-0.0010784994497358
"10399","19.05.1980",649.1,0.000616427820413072
"10400","16.05.1980",647.4,-0.00262244654727902
"10401","15.05.1980",645.4,-0.00309406187428252
"10402","14.05.1980",643.9,-0.00232684507372368
"10403","13.05.1980",640.1,-0.00591902039618001
"10404","12.05.1980",632.1,-0.0125768046697047
"10405","09.05.1980",632.2,0.000158190303264276
"10406","08.05.1980",639.9,0.0121061143638971
"10407","07.05.1980",645.2,0.00824843210563933
"10408","06.05.1980",639.6,-0.00871736529125463
"10409","05.05.1980",639.7,0.000156335496292871
"10410","02.05.1980",635,-0.00737431756340031
"10411","01.05.1980",633.8,-0.00189155163587137
"10412","30.04.1980",638.2,0.00691826658732293
"10413","29.04.1980",636.2,-0.00313873452909934
"10414","28.04.1980",634.5,-0.00267569216060143
"10415","25.04.1980",631.6,-0.00458100477295533
"10416","24.04.1980",627.9,-0.00587536426142339
"10417","23.04.1980",623.3,-0.00735297430525892
"10418","22.04.1980",621.1,-0.00353584424954752
"10419","21.04.1980",599.8,-0.0348958332503487
"10420","18.04.1980",604.9,0.00846688879795999
"10421","17.04.1980",607.5,0.00428902010183491
"10422","16.04.1980",610.2,0.00443459706786577
"10423","15.04.1980",616.5,0.0102715503218297
"10424","14.04.1980",617.7,0.0019445800974546
"10425","11.04.1980",623.8,0.00982690147184927
"10426","10.04.1980",624.4,0.000961384467574218
"10427","09.04.1980",617.6,-0.0109501899307105
"10428","08.04.1980",606.7,-0.0178065637623142
"10429","07.04.1980",600.9,-0.00960590360836998
"10430","03.04.1980",612.8,0.0196100870864993
"10431","02.04.1980",615.4,0.00423384446156005
"10432","01.04.1980",611.5,-0.00635750776071439
"10433","31.03.1980",609.6,-0.00311195075479054
"10434","28.03.1980",600.8,-0.0145409039225117
"10435","27.03.1980",584.7,-0.0271632052683
"10436","26.03.1980",591.9,0.0122388065150543
"10437","25.03.1980",594.7,0.00471937501586886
"10438","24.03.1980",597.1,0.00402752684039867
"10439","21.03.1980",615.8,0.0308376319374531
"10440","20.03.1980",620.3,0.00728099648867189
"10441","19.03.1980",627.1,0.0109027855699035
"10442","18.03.1980",624.8,-0.00367441902349906
"10443","17.03.1980",615.6,-0.014834196560752
"10444","14.03.1980",635.2,0.0313425079682018
"10445","13.03.1980",636.5,0.00204450806453513
"10446","12.03.1980",643.5,0.0109376090387201
"10447","11.03.1980",648.5,0.00773997672031725
"10448","10.03.1980",640.7,-0.0121006751115226
"10449","07.03.1980",644.6,0.00606864073636153
"10450","06.03.1980",654.9,0.0158525828426703
"10451","05.03.1980",670.2,0.0230936230792021
"10452","04.03.1980",680.5,0.0152516467883108
"10453","03.03.1980",680.4,-0.000146961569814143
"10454","29.02.1980",686.8,0.0093622685016137
"10455","28.02.1980",679.6,-0.0105387392255434
"10456","27.02.1980",679.9,0.000441338734636883
"10457","26.02.1980",688.8,0.0130052245811071
"10458","25.02.1980",685.1,-0.00538614010466754
"10459","22.02.1980",695.8,0.0154974497089881
"10460","21.02.1980",698.2,0.00344333195309402
"10461","20.02.1980",704.3,0.0086988070804289
"10462","19.02.1980",693.8,-0.0150206672157153
"10463","15.02.1980",699.3,0.00789610017417183
"10464","14.02.1980",706.5,0.010243367414761
"10465","13.02.1980",716.6,0.0141946027462714
"10466","12.02.1980",713.8,-0.00391499381479358
"10467","11.02.1980",709.6,-0.00590138006069016
"10468","08.02.1980",714.5,0.00688156637455244
"10469","07.02.1980",705.2,-0.0131015468462069
"10470","06.02.1980",702,-0.00454804649790407
"10471","05.02.1980",696.1,-0.00844007585119027
"10472","04.02.1980",694.6,-0.0021571878646472
"10473","01.02.1980",698.7,0.00588532524843133
"10474","31.01.1980",693.7,-0.00718187516714943
"10475","30.01.1980",699.3,0.00804024431856532
"10476","29.01.1980",692.5,-0.00977159664832751
"10477","28.01.1980",697.4,0.00705089618005714
"10478","25.01.1980",690.2,-0.0103777235776476
"10479","24.01.1980",690.7,0.000724165431024083
"10480","23.01.1980",688.7,-0.00289981354427464
"10481","22.01.1980",678.1,-0.0155109928608562
"10482","21.01.1980",682.1,0.00588150497087725
"10483","18.01.1980",676.1,-0.00883528056404142
"10484","17.01.1980",674.6,-0.00222107146908232
"10485","16.01.1980",676.2,0.00236896764623582
"10486","15.01.1980",676.2,0
"10487","14.01.1980",672.3,-0.00578422079879471
"10488","11.01.1980",669.6,-0.00402415029972538
"10489","10.01.1980",668.8,-0.00119545740477375
"10490","09.01.1980",663.2,-0.00840845794940655
"10491","08.01.1980",661.8,-0.00211320833357359
"10492","07.01.1980",649.2,-0.0192225598470755
"10493","04.01.1980",646.8,-0.00370370793748453
"10494","03.01.1980",638,-0.0136988443581618
"10495","31.12.1979",655,0.0262969522904621
"10496","28.12.1979",654.3,-0.0010692737595589
"10497","27.12.1979",654.6,0.000458400191387205
"10498","26.12.1979",653.7,-0.00137583144839622
